Distance (Angstrom) Frequency (THz) Inverse PR
0.000000 0.000000 0.959264
0.000000 0.000000 0.959264
0.000000 0.000000 0.959264
0.000000 11.676804 0.959264
0.000000 11.676804 0.959264
0.000000 20.842488 0.959264
0.002399 0.148704 0.959240
0.002399 0.148704 0.959240
0.002399 0.220772 0.959260
0.002399 11.677296 0.959240
0.002399 11.677296 0.959240
0.002399 20.841336 0.959260
0.004798 0.297357 0.959170
0.004798 0.297357 0.959170
0.004798 0.441496 0.959247
0.004798 11.678770 0.959170
0.004798 11.678770 0.959170
0.004798 20.837882 0.959247
0.007197 0.445910 0.959052
0.007197 0.445910 0.959052
0.007197 0.662124 0.959225
0.007197 11.681224 0.959052
0.007197 11.681224 0.959052
0.007197 20.832127 0.959225
0.009597 0.594310 0.958887
0.009597 0.594310 0.958887
0.009597 0.882609 0.959194
0.009597 11.684653 0.958887
0.009597 11.684653 0.958887
0.009597 20.824072 0.959194
0.011996 0.742508 0.958673
0.011996 0.742508 0.958673
0.011996 1.102902 0.959154
0.011996 11.689053 0.958673
0.011996 11.689053 0.958673
0.011996 20.813723 0.959154
0.014395 0.890454 0.958410
0.014395 0.890454 0.958410
0.014395 1.322956 0.959103
0.014395 11.694417 0.958410
0.014395 11.694417 0.958410
0.014395 20.801082 0.959103
0.016794 1.038097 0.958098
0.016794 1.038097 0.958098
0.016794 1.542722 0.959041
0.016794 11.700734 0.958098
0.016794 11.700734 0.958098
0.016794 20.786155 0.959041
0.019193 1.185386 0.957734
0.019193 1.185386 0.957734
0.019193 1.762153 0.958967
0.019193 11.707996 0.957734
0.019193 11.707996 0.957734
0.019193 20.768948 0.958967
0.021592 1.332273 0.957319
0.021592 1.332273 0.957319
0.021592 1.981200 0.958880
0.021592 11.716190 0.957319
0.021592 11.716190 0.957319
0.021592 20.749468 0.958880
0.023992 1.478706 0.956850
0.023992 1.478706 0.956850
0.023992 2.199814 0.958778
0.023992 11.725304 0.956850
0.023992 11.725304 0.956850
0.023992 20.727725 0.958778
0.026391 1.624636 0.956326
0.026391 1.624636 0.956326
0.026391 2.417947 0.958660
0.026391 11.735323 0.956326
0.026391 11.735323 0.956326
0.026391 20.703726 0.958660
0.028790 1.770013 0.955745
0.028790 1.770013 0.955745
0.028790 2.635550 0.958525
0.028790 11.746231 0.955745
0.028790 11.746231 0.955745
0.028790 20.677483 0.958525
0.031189 1.914789 0.955106
0.031189 1.914789 0.955106
0.031189 2.852574 0.958371
0.031189 11.758012 0.955106
0.031189 11.758012 0.955106
0.031189 20.649007 0.958371
0.033588 2.058913 0.954406
0.033588 2.058913 0.954406
0.033588 3.068969 0.958196
0.033588 11.770647 0.954406
0.033588 11.770647 0.954406
0.033588 20.618311 0.958196
0.035987 2.202338 0.953644
0.035987 2.202338 0.953644
0.035987 3.284686 0.957997
0.035987 11.784117 0.953644
0.035987 11.784117 0.953644
0.035987 20.585409 0.957997
0.038387 2.345013 0.952816
0.038387 2.345013 0.952816
0.038387 3.499675 0.957772
0.038387 11.798402 0.952816
0.038387 11.798402 0.952816
0.038387 20.550316 0.957772
0.040786 2.486892 0.951921
0.040786 2.486892 0.951921
0.040786 3.713885 0.957520
0.040786 11.813480 0.951921
0.040786 11.813480 0.951921
0.040786 20.513049 0.957520
0.043185 2.627925 0.950955
0.043185 2.627925 0.950955
0.043185 3.927265 0.957236
0.043185 11.829330 0.950955
0.043185 11.829330 0.950955
0.043185 20.473625 0.957236
0.045584 2.768065 0.949917
0.045584 2.768065 0.949917
0.045584 4.139765 0.956918
0.045584 11.845929 0.949917
0.045584 11.845929 0.949917
0.045584 20.432064 0.956918
0.047983 2.907264 0.948802
0.047983 2.907264 0.948802
0.047983 4.351333 0.956562
0.047983 11.863253 0.948802
0.047983 11.863253 0.948802
0.047983 20.388386 0.956562
0.050382 3.045476 0.947608
0.050382 3.045476 0.947608
0.050382 4.561915 0.956166
0.050382 11.881278 0.947608
0.050382 11.881278 0.947608
0.050382 20.342615 0.956166
0.052781 3.182653 0.946332
0.052781 3.182653 0.946332
0.052781 4.771461 0.955724
0.052781 11.899978 0.946332
0.052781 11.899978 0.946332
0.052781 20.294773 0.955724
0.055181 3.318749 0.944970
0.055181 3.318749 0.944970
0.055181 4.979915 0.955234
0.055181 11.919330 0.944970
0.055181 11.919330 0.944970
0.055181 20.244888 0.955234
0.057580 3.453718 0.943518
0.057580 3.453718 0.943518
0.057580 5.187223 0.954690
0.057580 11.939308 0.943518
0.057580 11.939308 0.943518
0.057580 20.192986 0.954690
0.059979 3.587515 0.941974
0.059979 3.587515 0.941974
0.059979 5.393331 0.954087
0.059979 11.959885 0.941974
0.059979 11.959885 0.941974
0.059979 20.139097 0.954087
0.062378 3.720095 0.940333
0.062378 3.720095 0.940333
0.062378 5.598183 0.953420
0.062378 11.981036 0.940333
0.062378 11.981036 0.940333
0.062378 20.083252 0.953420
0.064777 3.851412 0.938592
0.064777 3.851412 0.938592
0.064777 5.801722 0.952683
0.064777 12.002733 0.938592
0.064777 12.002733 0.938592
0.064777 20.025485 0.952683
0.067176 3.981423 0.936747
0.067176 3.981423 0.936747
0.067176 6.003890 0.951869
0.067176 12.024953 0.936747
0.067176 12.024953 0.936747
0.067176 19.965832 0.951869
0.069576 4.110085 0.934794
0.069576 4.110085 0.934794
0.069576 6.204628 0.950973
0.069576 12.047666 0.934794
0.069576 12.047666 0.934794
0.069576 19.904332 0.950973
0.071975 4.237354 0.932730
0.071975 4.237354 0.932730
0.071975 6.403876 0.949985
0.071975 12.070849 0.932730
0.071975 12.070849 0.932730
0.071975 19.841025 0.949985
0.074374 4.363189 0.930550
0.074374 4.363189 0.930550
0.074374 6.601574 0.948898
0.074374 12.094474 0.930550
0.074374 12.094474 0.930550
0.074374 19.775954 0.948898
0.076773 4.487546 0.928251
0.076773 4.487546 0.928251
0.076773 6.797658 0.947703
0.076773 12.118516 0.928251
0.076773 12.118516 0.928251
0.076773 19.709167 0.947703
0.079172 4.610386 0.925829
0.079172 4.610386 0.925829
0.079172 6.992065 0.946391
0.079172 12.142949 0.925829
0.079172 12.142949 0.925829
0.079172 19.640711 0.946391
0.081571 4.731669 0.923282
0.081571 4.731669 0.923282
0.081571 7.184729 0.944949
0.081571 12.167748 0.923282
0.081571 12.167748 0.923282
0.081571 19.570640 0.944949
0.083971 4.851354 0.920605
0.083971 4.851354 0.920605
0.083971 7.375583 0.943367
0.083971 12.192887 0.920605
0.083971 12.192887 0.920605
0.083971 19.499009 0.943367
0.086370 4.969403 0.917795
0.086370 4.969403 0.917795
0.086370 7.564558 0.941633
0.086370 12.218343 0.917795
0.086370 12.218343 0.917795
0.086370 19.425877 0.941633
0.088769 5.085778 0.914851
0.088769 5.085778 0.914851
0.088769 7.751583 0.939731
0.088769 12.244091 0.914851
0.088769 12.244091 0.914851
0.088769 19.351308 0.939731
0.091168 5.200442 0.911769
0.091168 5.200442 0.911769
0.091168 7.936586 0.937647
0.091168 12.270107 0.911769
0.091168 12.270107 0.911769
0.091168 19.275369 0.937647
0.093567 5.313360 0.908548
0.093567 5.313360 0.908548
0.093567 8.119491 0.935365
0.093567 12.296368 0.908548
0.093567 12.296368 0.908548
0.093567 19.198130 0.935365
0.095966 5.424497 0.905186
0.095966 5.424497 0.905186
0.095966 8.300222 0.932865
0.095966 12.322851 0.905186
0.095966 12.322851 0.905186
0.095966 19.119667 0.932865
0.098365 5.533818 0.901682
0.098365 5.533818 0.901682
0.098365 8.478697 0.930130
0.098365 12.349533 0.901682
0.098365 12.349533 0.901682
0.098365 19.040060 0.930130
0.100765 5.641292 0.898035
0.100765 5.641292 0.898035
0.100765 8.654836 0.927138
0.100765 12.376393 0.898035
0.100765 12.376393 0.898035
0.100765 18.959395 0.927138
0.103164 5.746887 0.894246
0.103164 5.746887 0.894246
0.103164 8.828552 0.923865
0.103164 12.403408 0.894246
0.103164 12.403408 0.894246
0.103164 18.877761 0.923865
0.105563 5.850572 0.890316
0.105563 5.850572 0.890316
0.105563 8.999758 0.920288
0.105563 12.430557 0.890316
0.105563 12.430557 0.890316
0.105563 18.795254 0.920288
0.107962 5.952319 0.886245
0.107962 5.952319 0.886245
0.107962 9.168361 0.916379
0.107962 12.457820 0.886245
0.107962 12.457820 0.886245
0.107962 18.711977 0.916379
0.110361 6.052101 0.882036
0.110361 6.052101 0.882036
0.110361 9.334267 0.912111
0.110361 12.485176 0.882036
0.110361 12.485176 0.882036
0.110361 18.628036 0.912111
0.112760 6.149893 0.877692
0.112760 6.149893 0.877692
0.112760 9.497377 0.907454
0.112760 12.512605 0.877692
0.112760 12.512605 0.877692
0.112760 18.543546 0.907454
0.115160 6.245669 0.873217
0.115160 6.245669 0.873217
0.115160 9.657589 0.902375
0.115160 12.540086 0.873217
0.115160 12.540086 0.873217
0.115160 18.458628 0.902375
0.117559 6.339407 0.868615
0.117559 6.339407 0.868615
0.117559 9.814796 0.896842
0.117559 12.567599 0.868615
0.117559 12.567599 0.868615
0.117559 18.373410 0.896842
0.119958 6.431088 0.863892
0.119958 6.431088 0.863892
0.119958 9.968888 0.890820
0.119958 12.595126 0.863892
0.119958 12.595126 0.863892
0.119958 18.288027 0.890820
0.122357 6.520690 0.859053
0.122357 6.520690 0.859053
0.122357 10.119749 0.884276
0.122357 12.622646 0.859053
0.122357 12.622646 0.859053
0.122357 18.202621 0.884276
0.124756 6.608199 0.854106
0.124756 6.608199 0.854106
0.124756 10.267260 0.877173
0.124756 12.650140 0.854106
0.124756 12.650140 0.854106
0.124756 18.117344 0.877173
0.127155 6.693598 0.849059
0.127155 6.693598 0.849059
0.127155 10.411295 0.869477
0.127155 12.677587 0.849059
0.127155 12.677587 0.849059
0.127155 18.032355 0.869477
0.129555 6.776874 0.843920
0.129555 6.776874 0.843920
0.129555 10.551726 0.861156
0.129555 12.704970 0.843920
0.129555 12.704970 0.843920
0.129555 17.947822 0.861156
0.131954 6.858016 0.838699
0.131954 6.858016 0.838699
0.131954 10.688417 0.852180
0.131954 12.732266 0.838699
0.131954 12.732266 0.838699
0.131954 17.863919 0.852180
0.134353 6.937015 0.833406
0.134353 6.937015 0.833406
0.134353 10.821229 0.842523
0.134353 12.759457 0.833406
0.134353 12.759457 0.833406
0.134353 17.780832 0.842523
0.136752 7.013865 0.828050
0.136752 7.013865 0.828050
0.136752 10.950020 0.832166
0.136752 12.786522 0.828050
0.136752 12.786522 0.828050
0.136752 17.698754 0.832166
0.139151 7.088560 0.822645
0.139151 7.088560 0.822645
0.139151 11.074639 0.821096
0.139151 12.813440 0.822645
0.139151 12.813440 0.822645
0.139151 17.617884 0.821096
0.141550 7.161097 0.817200
0.141550 7.161097 0.817200
0.141550 11.194936 0.809311
0.141550 12.840191 0.817200
0.141550 12.840191 0.817200
0.141550 17.538432 0.809311
0.143949 7.231478 0.811728
0.143949 7.231478 0.811728
0.143949 11.310754 0.796820
0.143949 12.866752 0.811728
0.143949 12.866752 0.811728
0.143949 17.460614 0.796820
0.146349 7.299703 0.806242
0.146349 7.299703 0.806242
0.146349 11.421938 0.783647
0.146349 12.893102 0.806242
0.146349 12.893102 0.806242
0.146349 17.384649 0.783647
0.148748 7.365776 0.800754
0.148748 7.365776 0.800754
0.148748 11.528329 0.769831
0.148748 12.919218 0.800754
0.148748 12.919218 0.800754
0.148748 17.310765 0.769831
0.151147 7.429704 0.795276
0.151147 7.429704 0.795276
0.151147 11.629772 0.755427
0.151147 12.945077 0.795276
0.151147 12.945077 0.795276
0.151147 17.239189 0.755427
0.153546 7.491495 0.789822
0.153546 7.491495 0.789822
0.153546 11.726113 0.740510
0.153546 12.970657 0.789822
0.153546 12.970657 0.789822
0.153546 17.170151 0.740510
0.155945 7.551160 0.784403
0.155945 7.551160 0.784403
0.155945 11.817206 0.725174
0.155945 12.995932 0.784403
0.155945 12.995932 0.784403
0.155945 17.103876 0.725174
0.158344 7.608712 0.779032
0.158344 7.608712 0.779032
0.158344 11.902914 0.709529
0.158344 13.020880 0.779032
0.158344 13.020880 0.779032
0.158344 17.040584 0.709529
0.160744 7.664164 0.773722
0.160744 7.664164 0.773722
0.160744 11.983115 0.693701
0.160744 13.045473 0.773722
0.160744 13.045473 0.773722
0.160744 16.980487 0.693701
0.163143 7.717533 0.768483
0.163143 7.717533 0.768483
0.163143 12.057702 0.677829
0.163143 13.069688 0.768483
0.163143 13.069688 0.768483
0.163143 16.923781 0.677829
0.165542 7.768838 0.763328
0.165542 7.768838 0.763328
0.165542 12.126592 0.662064
0.165542 13.093498 0.763328
0.165542 13.093498 0.763328
0.165542 16.870644 0.662064
0.167941 7.818098 0.758266
0.167941 7.818098 0.758266
0.167941 12.189729 0.646556
0.167941 13.116877 0.758266
0.167941 13.116877 0.758266
0.167941 16.821230 0.646556
0.170340 7.865334 0.753309
0.170340 7.865334 0.753309
0.170340 12.247089 0.631458
0.170340 13.139798 0.753309
0.170340 13.139798 0.753309
0.170340 16.775663 0.631458
0.172739 7.910571 0.748466
0.172739 7.910571 0.748466
0.172739 12.298684 0.616914
0.172739 13.162234 0.748466
0.172739 13.162234 0.748466
0.172739 16.734036 0.616914
0.175139 7.953831 0.743747
0.175139 7.953831 0.743747
0.175139 12.344567 0.603056
0.175139 13.184159 0.743747
0.175139 13.184159 0.743747
0.175139 16.696401 0.603056
0.177538 7.995140 0.739158
0.177538 7.995140 0.739158
0.177538 12.384835 0.589998
0.177538 13.205545 0.739158
0.177538 13.205545 0.739158
0.177538 16.662772 0.589998
0.179937 8.034524 0.734710
0.179937 8.034524 0.734710
0.179937 12.419629 0.577833
0.179937 13.226364 0.734710
0.179937 13.226364 0.734710
0.179937 16.633117 0.577833
0.182336 8.072012 0.730408
0.182336 8.072012 0.730408
0.182336 12.449139 0.566631
0.182336 13.246589 0.730408
0.182336 13.246589 0.730408
0.182336 16.607361 0.566631
0.184735 8.107629 0.726259
0.184735 8.107629 0.726259
0.184735 12.473597 0.556435
0.184735 13.266194 0.726259
0.184735 13.266194 0.726259
0.184735 16.585384 0.556435
0.187134 8.141405 0.722269
0.187134 8.141405 0.722269
0.187134 12.493279 0.547264
0.187134 13.285151 0.722269
0.187134 13.285151 0.722269
0.187134 16.567026 0.547264
0.189533 8.173368 0.718444
0.189533 8.173368 0.718444
0.189533 12.508500 0.539115
0.189533 13.303433 0.718444
0.189533 13.303433 0.718444
0.189533 16.552087 0.539115
0.191933 8.203547 0.714788
0.191933 8.203547 0.714788
0.191933 12.519608 0.531963
0.191933 13.321014 0.714788
0.191933 13.321014 0.714788
0.191933 16.540335 0.531963
0.194332 8.231971 0.711304
0.194332 8.231971 0.711304
0.194332 12.526976 0.525765
0.194332 13.337869 0.711304
0.194332 13.337869 0.711304
0.194332 16.531512 0.525765
0.196731 8.258668 0.707997
0.196731 8.258668 0.707997
0.196731 12.531000 0.520464
0.196731 13.353971 0.707997
0.196731 13.353971 0.707997
0.196731 16.525336 0.520464
0.199130 8.283665 0.704870
0.199130 8.283665 0.704870
0.199130 12.532087 0.515991
0.199130 13.369298 0.704870
0.199130 13.369298 0.704870
0.199130 16.521512 0.515991
0.201529 8.306991 0.701925
0.201529 8.306991 0.701925
0.201529 12.530651 0.512272
0.201529 13.383825 0.701925
0.201529 13.383825 0.701925
0.201529 16.519738 0.512272
0.203928 8.328673 0.699164
0.203928 8.328673 0.699164
0.203928 12.527102 0.509229
0.203928 13.397529 0.699164
0.203928 13.397529 0.699164
0.203928 16.519710 0.509229
0.206328 8.348735 0.696590
0.206328 8.348735 0.696590
0.206328 12.521846 0.506782
0.206328 13.410389 0.696590
0.206328 13.410389 0.696590
0.206328 16.521127 0.506782
0.208727 8.367203 0.694203
0.208727 8.367203 0.694203
0.208727 12.515276 0.504850
0.208727 13.422384 0.694203
0.208727 13.422384 0.694203
0.208727 16.523697 0.504850
0.211126 8.384100 0.692004
0.211126 8.384100 0.692004
0.211126 12.507766 0.503360
0.211126 13.433495 0.692004
0.211126 13.433495 0.692004
0.211126 16.527141 0.503360
0.213525 8.399449 0.689996
0.213525 8.399449 0.689996
0.213525 12.499671 0.502239
0.213525 13.443703 0.689996
0.213525 13.443703 0.689996
0.213525 16.531196 0.502239
0.215924 8.413271 0.688177
0.215924 8.413271 0.688177
0.215924 12.491321 0.501422
0.215924 13.452992 0.688177
0.215924 13.452992 0.688177
0.215924 16.535617 0.501422
0.218323 8.425584 0.686549
0.218323 8.425584 0.686549
0.218323 12.483017 0.500849
0.218323 13.461346 0.686549
0.218323 13.461346 0.686549
0.218323 16.540181 0.500849
0.220723 8.436406 0.685113
0.220723 8.436406 0.685113
0.220723 12.475035 0.500467
0.220723 13.468750 0.685113
0.220723 13.468750 0.685113
0.220723 16.544686 0.500467
0.223122 8.445752 0.683868
0.223122 8.445752 0.683868
0.223122 12.467619 0.500228
0.223122 13.475194 0.683868
0.223122 13.475194 0.683868
0.223122 16.548953 0.500228
0.225521 8.453637 0.682814
0.225521 8.453637 0.682814
0.225521 12.460980 0.500092
0.225521 13.480665 0.682814
0.225521 13.480665 0.682814
0.225521 16.552826 0.500092
0.227920 8.460072 0.681952
0.227920 8.460072 0.681952
0.227920 12.455301 0.500026
0.227920 13.485154 0.681952
0.227920 13.485154 0.681952
0.227920 16.556175 0.500026
0.230319 8.465067 0.681281
0.230319 8.465067 0.681281
0.230319 12.450729 0.500003
0.230319 13.488653 0.681281
0.230319 13.488653 0.681281
0.230319 16.558891 0.500003
0.232718 8.468629 0.680802
0.232718 8.468629 0.680802
0.232718 12.447381 0.500001
0.232718 13.491157 0.680802
0.232718 13.491157 0.680802
0.232718 16.560890 0.500001
0.235118 8.470764 0.680515
0.235118 8.470764 0.680515
0.235118 12.445339 0.500006
0.235118 13.492661 0.680515
0.235118 13.492661 0.680515
0.235118 16.562114 0.500006
0.237517 8.471475 0.680419
0.237517 8.471475 0.680419
0.237517 12.444653 0.500008
0.237517 13.493163 0.680419
0.237517 13.493163 0.680419
0.237517 16.562526 0.500008
0.237517 8.471475 0.680419
0.237517 8.471475 0.680419
0.237517 12.444653 0.500008
0.237517 13.493163 0.680419
0.237517 13.493163 0.680419
0.237517 16.562526 0.500008
0.238365 8.471486 0.680411
0.238365 8.471902 0.680408
0.238365 12.444580 0.500008
0.238365 13.493052 0.680411
0.238365 13.493264 0.680408
0.238365 16.562403 0.500008
0.239213 8.471517 0.680387
0.239213 8.473182 0.680376
0.239213 12.444362 0.500008
0.239213 13.492720 0.680387
0.239213 13.493568 0.680376
0.239213 16.562033 0.500008
0.240061 8.471569 0.680346
0.240061 8.475315 0.680322
0.240061 12.443998 0.500008
0.240061 13.492167 0.680346
0.240061 13.494073 0.680322
0.240061 16.561418 0.500008
0.240910 8.471642 0.680290
0.240910 8.478299 0.680246
0.240910 12.443489 0.500009
0.240910 13.491392 0.680290
0.240910 13.494781 0.680246
0.240910 16.560557 0.500009
0.241758 8.471735 0.680218
0.241758 8.482133 0.680149
0.241758 12.442834 0.500009
0.241758 13.490396 0.680218
0.241758 13.495691 0.680149
0.241758 16.559450 0.500009
0.242606 8.471849 0.680129
0.242606 8.486816 0.680030
0.242606 12.442034 0.500009
0.242606 13.489180 0.680129
0.242606 13.496802 0.680030
0.242606 16.558097 0.500009
0.243454 8.471984 0.680024
0.243454 8.492345 0.679889
0.243454 12.441089 0.500010
0.243454 13.487742 0.680024
0.243454 13.498113 0.679889
0.243454 16.556499 0.500010
0.244303 8.472140 0.679904
0.244303 8.498718 0.679727
0.244303 12.439998 0.500010
0.244303 13.486083 0.679904
0.244303 13.499625 0.679727
0.244303 16.554655 0.500010
0.245151 8.472316 0.679767
0.245151 8.505931 0.679542
0.245151 12.438762 0.500011
0.245151 13.484204 0.679767
0.245151 13.501337 0.679542
0.245151 16.552566 0.500011
0.245999 8.472512 0.679613
0.245999 8.513982 0.679335
0.245999 12.437381 0.500012
0.245999 13.482104 0.679613
0.245999 13.503248 0.679335
0.245999 16.550232 0.500012
0.246847 8.472729 0.679444
0.246847 8.522866 0.679107
0.246847 12.435855 0.500013
0.246847 13.479784 0.679444
0.246847 13.505357 0.679107
0.246847 16.547654 0.500013
0.247695 8.472967 0.679259
0.247695 8.532580 0.678856
0.247695 12.434185 0.500014
0.247695 13.477243 0.679259
0.247695 13.507664 0.678856
0.247695 16.544831 0.500014
0.248544 8.473225 0.679057
0.248544 8.543118 0.678582
0.248544 12.432369 0.500015
0.248544 13.474483 0.679057
0.248544 13.510167 0.678582
0.248544 16.541764 0.500015
0.249392 8.473503 0.678839
0.249392 8.554477 0.678287
0.249392 12.430409 0.500016
0.249392 13.471503 0.678839
0.249392 13.512865 0.678287
0.249392 16.538454 0.500016
0.250240 8.473801 0.678605
0.250240 8.566650 0.677968
0.250240 12.428305 0.500018
0.250240 13.468304 0.678605
0.250240 13.515757 0.677968
0.250240 16.534900 0.500018
0.251088 8.474120 0.678354
0.251088 8.579633 0.677627
0.251088 12.426056 0.500019
0.251088 13.464886 0.678354
0.251088 13.518843 0.677627
0.251088 16.531103 0.500019
0.251937 8.474458 0.678087
0.251937 8.593419 0.677262
0.251937 12.423663 0.500021
0.251937 13.461249 0.678087
0.251937 13.522121 0.677262
0.251937 16.527064 0.500021
0.252785 8.474816 0.677804
0.252785 8.608002 0.676875
0.252785 12.421126 0.500023
0.252785 13.457394 0.677804
0.252785 13.525589 0.676875
0.252785 16.522783 0.500023
0.253633 8.475194 0.677504
0.253633 8.623376 0.676464
0.253633 12.418446 0.500025
0.253633 13.453321 0.677504
0.253633 13.529246 0.676464
0.253633 16.518261 0.500025
0.254481 8.475592 0.677188
0.254481 8.639534 0.676029
0.254481 12.415622 0.500028
0.254481 13.449030 0.677188
0.254481 13.533091 0.676029
0.254481 16.513497 0.500028
0.255330 8.476009 0.676855
0.255330 8.656468 0.675571
0.255330 12.412655 0.500030
0.255330 13.444522 0.676855
0.255330 13.537123 0.675571
0.255330 16.508494 0.500030
0.256178 8.476445 0.676506
0.256178 8.674171 0.675088
0.256178 12.409544 0.500033
0.256178 13.439797 0.676506
0.256178 13.541339 0.675088
0.256178 16.503250 0.500033
0.257026 8.476901 0.676141
0.257026 8.692635 0.674581
0.257026 12.406291 0.500037
0.257026 13.434856 0.676141
0.257026 13.545737 0.674581
0.257026 16.497768 0.500037
0.257874 8.477376 0.675758
0.257874 8.711852 0.674050
0.257874 12.402895 0.500040
0.257874 13.429699 0.675758
0.257874 13.550317 0.674050
0.257874 16.492047 0.500040
0.258722 8.477870 0.675360
0.258722 8.731815 0.673494
0.258722 12.399356 0.500044
0.258722 13.424327 0.675360
0.258722 13.555077 0.673494
0.258722 16.486088 0.500044
0.259571 8.478382 0.674944
0.259571 8.752513 0.672912
0.259571 12.395676 0.500048
0.259571 13.418740 0.674944
0.259571 13.560013 0.672912
0.259571 16.479892 0.500048
0.260419 8.478913 0.674512
0.260419 8.773939 0.672306
0.260419 12.391853 0.500053
0.260419 13.412938 0.674512
0.260419 13.565126 0.672306
0.260419 16.473459 0.500053
0.261267 8.479462 0.674063
0.261267 8.796083 0.671673
0.261267 12.387889 0.500058
0.261267 13.406923 0.674063
0.261267 13.570412 0.671673
0.261267 16.466791 0.500058
0.262115 8.480030 0.673597
0.262115 8.818937 0.671015
0.262115 12.383784 0.500064
0.262115 13.400694 0.673597
0.262115 13.575870 0.671015
0.262115 16.459889 0.500064
0.262964 8.480615 0.673114
0.262964 8.842489 0.670330
0.262964 12.379537 0.500070
0.262964 13.394253 0.673114
0.262964 13.581498 0.670330
0.262964 16.452752 0.500070
0.263812 8.481218 0.672615
0.263812 8.866732 0.669619
0.263812 12.375150 0.500076
0.263812 13.387600 0.672615
0.263812 13.587293 0.669619
0.263812 16.445382 0.500076
0.264660 8.481839 0.672098
0.264660 8.891654 0.668881
0.264660 12.370622 0.500083
0.264660 13.380735 0.672098
0.264660 13.593253 0.668881
0.264660 16.437779 0.500083
0.265508 8.482477 0.671565
0.265508 8.917245 0.668115
0.265508 12.365954 0.500091
0.265508 13.373660 0.671565
0.265508 13.599377 0.668115
0.265508 16.429946 0.500091
0.266357 8.483132 0.671014
0.266357 8.943495 0.667322
0.266357 12.361145 0.500099
0.266357 13.366375 0.671014
0.266357 13.605661 0.667322
0.266357 16.421881 0.500099
0.267205 8.483804 0.670446
0.267205 8.970395 0.666500
0.267205 12.356198 0.500108
0.267205 13.358881 0.670446
0.267205 13.612105 0.666500
0.267205 16.413587 0.500108
0.268053 8.484493 0.669861
0.268053 8.997932 0.665651
0.268053 12.351110 0.500118
0.268053 13.351178 0.669861
0.268053 13.618704 0.665651
0.268053 16.405065 0.500118
0.268901 8.485198 0.669259
0.268901 9.026096 0.664772
0.268901 12.345884 0.500128
0.268901 13.343267 0.669259
0.268901 13.625458 0.664772
0.268901 16.396315 0.500128
0.269749 8.485919 0.668640
0.269749 9.054876 0.663864
0.269749 12.340519 0.500139
0.269749 13.335150 0.668640
0.269749 13.632363 0.663864
0.269749 16.387338 0.500139
0.270598 8.486655 0.668003
0.270598 9.084260 0.662926
0.270598 12.335016 0.500151
0.270598 13.326826 0.668003
0.270598 13.639417 0.662926
0.270598 16.378136 0.500151
0.271446 8.487407 0.667348
0.271446 9.114239 0.661959
0.271446 12.329375 0.500164
0.271446 13.318297 0.667348
0.271446 13.646619 0.661959
0.271446 16.368709 0.500164
0.272294 8.488175 0.666677
0.272294 9.144799 0.660961
0.272294 12.323596 0.500178
0.272294 13.309563 0.666677
0.272294 13.653964 0.660961
0.272294 16.359059 0.500178
0.273142 8.488957 0.665987
0.273142 9.175930 0.659932
0.273142 12.317679 0.500193
0.273142 13.300625 0.665987
0.273142 13.661452 0.659932
0.273142 16.349187 0.500193
0.273991 8.489753 0.665280
0.273991 9.207620 0.658871
0.273991 12.311625 0.500209
0.273991 13.291485 0.665280
0.273991 13.669079 0.658871
0.273991 16.339094 0.500209
0.274839 8.490564 0.664556
0.274839 9.239857 0.657779
0.274839 12.305435 0.500226
0.274839 13.282143 0.664556
0.274839 13.676843 0.657779
0.274839 16.328781 0.500226
0.275687 8.491388 0.663813
0.275687 9.272629 0.656654
0.275687 12.299108 0.500244
0.275687 13.272600 0.663813
0.275687 13.684742 0.656654
0.275687 16.318249 0.500244
0.276535 8.492225 0.663053
0.276535 9.305924 0.655497
0.276535 12.292645 0.500263
0.276535 13.262857 0.663053
0.276535 13.692772 0.655497
0.276535 16.307500 0.500263
0.277383 8.493076 0.662275
0.277383 9.339730 0.654307
0.277383 12.286046 0.500284
0.277383 13.252915 0.662275
0.277383 13.700933 0.654307
0.277383 16.296535 0.500284
0.278232 8.493939 0.661479
0.278232 9.374036 0.653082
0.278232 12.279311 0.500306
0.278232 13.242776 0.661479
0.278232 13.709220 0.653082
0.278232 16.285355 0.500306
0.279080 8.494815 0.660665
0.279080 9.408828 0.651824
0.279080 12.272441 0.500330
0.279080 13.232439 0.660665
0.279080 13.717632 0.651824
0.279080 16.273961 0.500330
0.279928 8.495702 0.659833
0.279928 9.444095 0.650531
0.279928 12.265437 0.500355
0.279928 13.221907 0.659833
0.279928 13.726167 0.650531
0.279928 16.262356 0.500355
0.280776 8.496600 0.658983
0.280776 9.479824 0.649203
0.280776 12.258298 0.500381
0.280776 13.211179 0.658983
0.280776 13.734821 0.649203
0.280776 16.250539 0.500381
0.281625 8.497510 0.658115
0.281625 9.516003 0.647840
0.281625 12.251024 0.500410
0.281625 13.200259 0.658115
0.281625 13.743593 0.647840
0.281625 16.238513 0.500410
0.282473 8.498429 0.657228
0.282473 9.552619 0.646440
0.282473 12.243617 0.500440
0.282473 13.189145 0.657228
0.282473 13.752480 0.646440
0.282473 16.226279 0.500440
0.283321 8.499359 0.656323
0.283321 9.589660 0.645004
0.283321 12.236075 0.500471
0.283321 13.177841 0.656323
0.283321 13.761480 0.645004
0.283321 16.213838 0.500471
0.284169 8.500298 0.655400
0.284169 9.627113 0.643531
0.284169 12.228401 0.500505
0.284169 13.166346 0.655400
0.284169 13.770590 0.643531
0.284169 16.201193 0.500505
0.285018 8.501246 0.654458
0.285018 9.664966 0.642021
0.285018 12.220593 0.500541
0.285018 13.154663 0.654458
0.285018 13.779809 0.642021
0.285018 16.188344 0.500541
0.285866 8.502202 0.653498
0.285866 9.703205 0.640472
0.285866 12.212653 0.500579
0.285866 13.142792 0.653498
0.285866 13.789133 0.640472
0.285866 16.175292 0.500579
0.286714 8.503166 0.652520
0.286714 9.741818 0.638886
0.286714 12.204579 0.500619
0.286714 13.130734 0.652520
0.286714 13.798562 0.638886
0.286714 16.162040 0.500619
0.287562 8.504137 0.651522
0.287562 9.780793 0.637260
0.287562 12.196374 0.500662
0.287562 13.118492 0.651522
0.287562 13.808093 0.637260
0.287562 16.148590 0.500662
0.288410 8.505115 0.650507
0.288410 9.820116 0.635596
0.288410 12.188036 0.500706
0.288410 13.106065 0.650507
0.288410 13.817724 0.635596
0.288410 16.134942 0.500706
0.289259 8.506098 0.649472
0.289259 9.859774 0.633892
0.289259 12.179567 0.500754
0.289259 13.093457 0.649472
0.289259 13.827453 0.633892
0.289259 16.121098 0.500754
0.290107 8.507087 0.648419
0.290107 9.899755 0.632148
0.290107 12.170966 0.500804
0.290107 13.080667 0.648419
0.290107 13.837278 0.632148
0.290107 16.107060 0.500804
0.290955 8.508081 0.647346
0.290955 9.940045 0.630364
0.290955 12.162234 0.500857
0.290955 13.067698 0.647346
0.290955 13.847198 0.630364
0.290955 16.092829 0.500857
0.291803 8.509079 0.646255
0.291803 9.980632 0.628539
0.291803 12.153370 0.500913
0.291803 13.054551 0.646255
0.291803 13.857211 0.628539
0.291803 16.078408 0.500913
0.292652 8.510080 0.645146
0.292652 10.021502 0.626673
0.292652 12.144375 0.500972
0.292652 13.041227 0.645146
0.292652 13.867315 0.626673
0.292652 16.063798 0.500972
0.293500 8.511084 0.644017
0.293500 10.062642 0.624766
0.293500 12.135250 0.501034
0.293500 13.027728 0.644017
0.293500 13.877509 0.624766
0.293500 16.049001 0.501034
0.294348 8.512089 0.642869
0.294348 10.104040 0.622818
0.294348 12.125994 0.501100
0.294348 13.014056 0.642869
0.294348 13.887791 0.622818
0.294348 16.034018 0.501100
0.295196 8.513096 0.641703
0.295196 10.145681 0.620828
0.295196 12.116607 0.501169
0.295196 13.000212 0.641703
0.295196 13.898161 0.620828
0.295196 16.018851 0.501169
0.296045 8.514103 0.640517
0.296045 10.187552 0.618796
0.296045 12.107090 0.501241
0.296045 12.986197 0.640517
0.296045 13.908618 0.618796
0.296045 16.003503 0.501241
0.296893 8.515110 0.639312
0.296893 10.229640 0.616723
0.296893 12.097443 0.501318
0.296893 12.972013 0.639312
0.296893 13.919160 0.616723
0.296893 15.987975 0.501318
0.297741 8.516115 0.638089
0.297741 10.271932 0.614607
0.297741 12.087665 0.501398
0.297741 12.957663 0.638089
0.297741 13.929786 0.614607
0.297741 15.972268 0.501398
0.298589 8.517118 0.636846
0.298589 10.314413 0.612450
0.298589 12.077758 0.501482
0.298589 12.943147 0.636846
0.298589 13.940497 0.612450
0.298589 15.956385 0.501482
0.299437 8.518118 0.635584
0.299437 10.357071 0.610251
0.299437 12.067720 0.501571
0.299437 12.928468 0.635584
0.299437 13.951292 0.610251
0.299437 15.940328 0.501571
0.300286 8.519114 0.634304
0.300286 10.399891 0.608011
0.300286 12.057553 0.501665
0.300286 12.913626 0.634304
0.300286 13.962170 0.608011
0.300286 15.924099 0.501665
0.301134 8.520105 0.633004
0.301134 10.442859 0.605729
0.301134 12.047255 0.501763
0.301134 12.898625 0.633004
0.301134 13.973132 0.605729
0.301134 15.907699 0.501763
0.301982 8.521091 0.631685
0.301982 10.485962 0.603407
0.301982 12.036828 0.501866
0.301982 12.883465 0.631685
0.301982 13.984177 0.603407
0.301982 15.891131 0.501866
0.302830 8.522069 0.630348
0.302830 10.529186 0.601044
0.302830 12.026271 0.501974
0.302830 12.868150 0.630348
0.302830 13.995306 0.601044
0.302830 15.874396 0.501974
0.303679 8.523039 0.628991
0.303679 10.572515 0.598641
0.303679 12.015583 0.502087
0.303679 12.852679 0.628991
0.303679 14.006519 0.598641
0.303679 15.857498 0.502087
0.304527 8.524001 0.627616
0.304527 10.615937 0.596198
0.304527 12.004766 0.502206
0.304527 12.837057 0.627616
0.304527 14.017818 0.596198
0.304527 15.840437 0.502206
0.305375 8.524952 0.626221
0.305375 10.659436 0.593718
0.305375 11.993818 0.502330
0.305375 12.821284 0.626221
0.305375 14.029203 0.593718
0.305375 15.823215 0.502330
0.306223 8.525892 0.624808
0.306223 10.702998 0.591200
0.306223 11.982741 0.502461
0.306223 12.805362 0.624808
0.306223 14.040676 0.591200
0.306223 15.805836 0.502461
0.307072 8.526819 0.623377
0.307072 10.746608 0.588645
0.307072 11.971532 0.502597
0.307072 12.789294 0.623377
0.307072 14.052238 0.588645
0.307072 15.788301 0.502597
0.307920 8.527733 0.621926
0.307920 10.790251 0.586055
0.307920 11.960194 0.502740
0.307920 12.773082 0.621926
0.307920 14.063891 0.586055
0.307920 15.770613 0.502740
0.308768 8.528632 0.620457
0.308768 10.833912 0.583432
0.308768 11.948724 0.502890
0.308768 12.756728 0.620457
0.308768 14.075638 0.583432
0.308768 15.752773 0.502890
0.309616 8.529515 0.618970
0.309616 10.877575 0.580776
0.309616 11.937124 0.503047
0.309616 12.740235 0.618970
0.309616 14.087480 0.580776
0.309616 15.734783 0.503047
0.310464 8.530380 0.617464
0.310464 10.921226 0.578090
0.310464 11.925392 0.503211
0.310464 12.723603 0.617464
0.310464 14.099420 0.578090
0.310464 15.716647 0.503211
0.311313 8.531226 0.615940
0.311313 10.964847 0.575375
0.311313 11.913529 0.503383
0.311313 12.706837 0.615940
0.311313 14.111462 0.575375
0.311313 15.698366 0.503383
0.312161 8.532053 0.614399
0.312161 11.008424 0.572634
0.312161 11.901535 0.503562
0.312161 12.689937 0.614399
0.312161 14.123609 0.572634
0.312161 15.679943 0.503562
0.313009 8.532857 0.612839
0.313009 11.051941 0.569869
0.313009 11.889408 0.503749
0.313009 12.672907 0.612839
0.313009 14.135865 0.569869
0.313009 15.661380 0.503749
0.313857 8.533639 0.611262
0.313857 11.095379 0.567084
0.313857 11.877149 0.503945
0.313857 12.655749 0.611262
0.313857 14.148234 0.567084
0.313857 15.642679 0.503945
0.314706 8.534395 0.609667
0.314706 11.138724 0.564280
0.314706 11.864757 0.504150
0.314706 12.638465 0.609667
0.314706 14.160720 0.564280
0.314706 15.623842 0.504150
0.315554 8.535126 0.608054
0.315554 11.181957 0.561461
0.315554 11.852232 0.504363
0.315554 12.621058 0.608054
0.315554 14.173328 0.561461
0.315554 15.604873 0.504363
0.316402 8.535828 0.606425
0.316402 11.225062 0.558630
0.316402 11.839573 0.504586
0.316402 12.603530 0.606425
0.316402 14.186065 0.558630
0.316402 15.585774 0.504586
0.317250 8.536501 0.604779
0.317250 11.268021 0.555792
0.317250 11.826780 0.504819
0.317250 12.585885 0.604779
0.317250 14.198935 0.555792
0.317250 15.566546 0.504819
0.318099 8.537142 0.603117
0.318099 11.310816 0.552951
0.318099 11.813852 0.505062
0.318099 12.568124 0.603117
0.318099 14.211944 0.552951
0.318099 15.547194 0.505062
0.318947 8.537751 0.601438
0.318947 11.353429 0.550111
0.318947 11.800789 0.505315
0.318947 12.550251 0.601438
0.318947 14.225100 0.550111
0.318947 15.527718 0.505315
0.319795 8.538324 0.599743
0.319795 11.395841 0.547276
0.319795 11.787590 0.505579
0.319795 12.532268 0.599743
0.319795 14.238409 0.547276
0.319795 15.508122 0.505579
0.320643 8.538861 0.598033
0.320643 11.438033 0.544453
0.320643 11.774255 0.505854
0.320643 12.514178 0.598033
0.320643 14.251880 0.544453
0.320643 15.488408 0.505854
0.321491 8.539359 0.596307
0.321491 11.479987 0.541646
0.321491 11.760782 0.506141
0.321491 12.495984 0.596307
0.321491 14.265519 0.541646
0.321491 15.468578 0.506141
0.321491 8.539359 0.596307
0.321491 11.479987 0.541646
0.321491 11.760782 0.506141
0.321491 12.495984 0.596307
0.321491 14.265519 0.541646
0.321491 15.468578 0.506141
0.324036 8.540601 0.591042
0.324036 11.604218 0.533386
0.324036 11.719536 0.507076
0.324036 12.440810 0.591042
0.324036 14.307537 0.533386
0.324036 15.408426 0.507076
0.326581 8.541418 0.585656
0.326581 11.677028 0.508129
0.326581 11.725575 0.525513
0.326581 12.384810 0.585656
0.326581 14.351408 0.525513
0.326581 15.347333 0.508129
0.329126 8.541750 0.580161
0.329126 11.633236 0.509315
0.329126 11.843486 0.518240
0.329126 12.328074 0.580161
0.329126 14.397421 0.518240
0.329126 15.285375 0.509315
0.331670 8.541528 0.574576
0.331670 11.588133 0.510646
0.331670 11.957354 0.511812
0.331670 12.270696 0.574576
0.331670 14.445901 0.511812
0.331670 15.222626 0.510646
0.334215 8.540679 0.568918
0.334215 11.541688 0.512136
0.334215 12.066567 0.506500
0.334215 12.212775 0.568918
0.334215 14.497196 0.506500
0.334215 15.159167 0.512136
0.336760 8.539124 0.563213
0.336760 11.493869 0.513801
0.336760 12.154417 0.563213
0.336760 12.170506 0.502594
0.336760 14.551672 0.502594
0.336760 15.095077 0.513801
0.339304 8.536776 0.557485
0.339304 11.444640 0.515656
0.339304 12.095736 0.557485
0.339304 12.268562 0.500388
0.339304 14.609697 0.500388
0.339304 15.030439 0.515656
0.341849 8.533543 0.551766
0.341849 11.393960 0.517718
0.341849 12.036849 0.551766
0.341849 12.360152 0.500167
0.341849 14.671618 0.500167
0.341849 14.965336 0.517718
0.344394 8.529323 0.546091
0.344394 11.341789 0.520003
0.344394 11.977883 0.546091
0.344394 12.444743 0.502185
0.344394 14.737745 0.502185
0.344394 14.899855 0.520003
0.346938 8.524010 0.540497
0.346938 11.288082 0.522531
0.346938 11.918972 0.540497
0.346938 12.521873 0.506640
0.346938 14.808327 0.506640
0.346938 14.834083 0.522531
0.349483 8.517489 0.535030
0.349483 11.232790 0.525318
0.349483 11.860255 0.535030
0.349483 12.591169 0.513656
0.349483 14.768105 0.525318
0.349483 14.883529 0.513656
0.352028 8.509636 0.529738
0.352028 11.175865 0.528384
0.352028 11.801880 0.529738
0.352028 12.652367 0.523265
0.352028 14.702013 0.528384
0.352028 14.963422 0.523265
0.354572 8.500322 0.524674
0.354572 11.117255 0.531746
0.354572 11.744001 0.524674
0.354572 12.705314 0.535391
0.354572 14.635893 0.531746
0.354572 15.047970 0.535391
0.357117 8.489410 0.519895
0.357117 11.056907 0.535422
0.357117 11.686780 0.519895
0.357117 12.749970 0.549857
0.357117 14.569836 0.535422
0.357117 15.137037 0.549857
0.359662 8.476756 0.515466
0.359662 10.994767 0.539431
0.359662 11.630383 0.515466
0.359662 12.786395 0.566389
0.359662 14.503929 0.539431
0.359662 15.230391 0.566389
0.362207 8.462211 0.511452
0.362207 10.930779 0.543789
0.362207 11.574982 0.511452
0.362207 12.814736 0.584636
0.362207 14.438260 0.543789
0.362207 15.327725 0.584636
0.364751 8.445623 0.507923
0.364751 10.864890 0.548510
0.364751 11.520754 0.507923
0.364751 12.835207 0.604194
0.364751 14.372915 0.548510
0.364751 15.428674 0.604194
0.367296 8.426833 0.504951
0.367296 10.797045 0.553610
0.367296 11.467875 0.504951
0.367296 12.848063 0.624641
0.367296 14.307978 0.553610
0.367296 15.532836 0.624641
0.369841 8.405685 0.502611
0.369841 10.727191 0.559098
0.369841 11.416525 0.502611
0.369841 12.853590 0.645555
0.369841 14.243531 0.559098
0.369841 15.639790 0.645555
0.372385 8.382022 0.500975
0.372385 10.655277 0.564985
0.372385 11.366880 0.500975
0.372385 12.852080 0.666548
0.372385 14.179651 0.564985
0.372385 15.749116 0.666548
0.374930 8.355691 0.500117
0.374930 10.581254 0.571276
0.374930 11.319112 0.500117
0.374930 12.843822 0.687277
0.374930 14.116414 0.571276
0.374930 15.860401 0.687277
0.377475 8.326546 0.500103
0.377475 10.505075 0.577974
0.377475 11.273388 0.500103
0.377475 12.829095 0.707456
0.377475 14.053890 0.577974
0.377475 15.973255 0.707456
0.380019 8.294447 0.500998
0.380019 10.426699 0.585079
0.380019 11.229862 0.500998
0.380019 12.808159 0.726861
0.380019 13.992143 0.585079
0.380019 16.087311 0.726861
0.382564 8.259270 0.502856
0.382564 10.346087 0.592585
0.382564 11.188678 0.502856
0.382564 12.781252 0.745328
0.382564 13.931236 0.592585
0.382564 16.202231 0.745328
0.385109 8.220902 0.505722
0.385109 10.263207 0.600484
0.385109 11.149963 0.505722
0.385109 12.748591 0.762748
0.385109 13.871221 0.600484
0.385109 16.317707 0.762748
0.387653 8.179251 0.509629
0.387653 10.178029 0.608763
0.387653 11.113825 0.509629
0.387653 12.710372 0.779057
0.387653 13.812149 0.608763
0.387653 16.433457 0.779057
0.390198 8.134241 0.514599
0.390198 10.090532 0.617403
0.390198 11.080354 0.514599
0.390198 12.666767 0.794232
0.390198 13.754060 0.617403
0.390198 16.549230 0.794232
0.392743 8.085817 0.520634
0.392743 10.000698 0.626382
0.392743 11.049617 0.520634
0.392743 12.617931 0.808281
0.392743 13.696991 0.626382
0.392743 16.664798 0.808281
0.395288 8.033949 0.527723
0.395288 9.908517 0.635673
0.395288 11.021658 0.527723
0.395288 12.564003 0.821234
0.395288 13.640970 0.635673
0.395288 16.779958 0.821234
0.397832 7.978625 0.535839
0.397832 9.813985 0.645248
0.397832 10.996497 0.535839
0.397832 12.505102 0.833136
0.397832 13.586020 0.645248
0.397832 16.894529 0.833136
0.400377 7.919858 0.544937
0.400377 9.717102 0.655070
0.400377 10.974135 0.544937
0.400377 12.441338 0.844044
0.400377 13.532158 0.655070
0.400377 17.008349 0.844044
0.402922 7.857679 0.554956
0.402922 9.617876 0.665103
0.402922 10.954547 0.554956
0.402922 12.372808 0.854022
0.402922 13.479392 0.665103
0.402922 17.121273 0.854022
0.405466 7.792138 0.565823
0.405466 9.516323 0.675308
0.405466 10.937692 0.565823
0.405466 12.299597 0.863135
0.405466 13.427726 0.675308
0.405466 17.233172 0.863135
0.408011 7.723303 0.577451
0.408011 9.412460 0.685643
0.408011 10.923508 0.577451
0.408011 12.221783 0.871449
0.408011 13.377157 0.685643
0.408011 17.343932 0.871449
0.410556 7.651256 0.589743
0.410556 9.306313 0.696066
0.410556 10.911920 0.589743
0.410556 12.139438 0.879030
0.410556 13.327679 0.696066
0.410556 17.453452 0.879030
0.413100 7.576090 0.602596
0.413100 9.197912 0.706532
0.413100 10.902839 0.602596
0.413100 12.052626 0.885938
0.413100 13.279278 0.706532
0.413100 17.561640 0.885938
0.415645 7.497909 0.615900
0.415645 9.087293 0.717001
0.415645 10.896166 0.615900
0.415645 11.961407 0.892233
0.415645 13.231937 0.717001
0.415645 17.668416 0.892233
0.418190 7.416821 0.629547
0.418190 8.974495 0.727429
0.418190 10.891794 0.629547
0.418190 11.865838 0.897970
0.418190 13.185635 0.727429
0.418190 17.773708 0.897970
0.420734 7.332942 0.643428
0.420734 8.859561 0.737776
0.420734 10.889611 0.643428
0.420734 11.765970 0.903199
0.420734 13.140349 0.737776
0.420734 17.877453 0.903199
0.423279 7.246387 0.657436
0.423279 8.742538 0.748005
0.423279 10.889500 0.657436
0.423279 11.661853 0.907967
0.423279 13.096051 0.748005
0.423279 17.979596 0.907967
0.425824 7.157275 0.671473
0.425824 8.623477 0.758080
0.425824 10.891343 0.671473
0.425824 11.553537 0.912316
0.425824 13.052711 0.758080
0.425824 18.080087 0.912316
0.428369 7.065723 0.685445
0.428369 8.502430 0.767969
0.428369 10.895023 0.685445
0.428369 11.441068 0.916285
0.428369 13.010298 0.767969
0.428369 18.178882 0.916285
0.430913 6.971844 0.699269
0.430913 8.379452 0.777642
0.430913 10.900422 0.699269
0.430913 11.324491 0.919909
0.430913 12.968780 0.777642
0.430913 18.275943 0.919909
0.433458 6.875753 0.712870
0.433458 8.254600 0.787074
0.433458 10.907425 0.712870
0.433458 11.203853 0.923221
0.433458 12.928123 0.787074
0.433458 18.371238 0.923221
0.436003 6.777556 0.726184
0.436003 8.127934 0.796243
0.436003 10.915919 0.726184
0.436003 11.079196 0.926248
0.436003 12.888294 0.796243
0.436003 18.464738 0.926248
0.438547 6.677358 0.739155
0.438547 7.999512 0.805130
0.438547 10.925796 0.739155
0.438547 10.950567 0.929018
0.438547 12.849260 0.805130
0.438547 18.556419 0.929018
0.441092 6.575260 0.751739
0.441092 7.869395 0.813721
0.441092 10.818011 0.931553
0.441092 10.936949 0.751739
0.441092 12.810986 0.813721
0.441092 18.646259 0.931553
0.443637 6.471355 0.763899
0.443637 7.737644 0.822005
0.443637 10.681572 0.933876
0.443637 10.949277 0.763899
0.443637 12.773440 0.822005
0.443637 18.734242 0.933876
0.446181 6.365736 0.775608
0.446181 7.604321 0.829973
0.446181 10.541298 0.936004
0.446181 10.962682 0.775608
0.446181 12.736591 0.829973
0.446181 18.820352 0.936004
0.448726 6.258487 0.786847
0.448726 7.469487 0.837620
0.448726 10.397234 0.937955
0.448726 10.977071 0.786847
0.448726 12.700410 0.837620
0.448726 18.904580 0.937955
0.451271 6.149689 0.797603
0.451271 7.333203 0.844943
0.451271 10.249430 0.939746
0.451271 10.992353 0.797603
0.451271 12.664867 0.844943
0.451271 18.986915 0.939746
0.453815 6.039419 0.807870
0.453815 7.195531 0.851943
0.453815 10.097932 0.941389
0.453815 11.008443 0.807870
0.453815 12.629936 0.851943
0.453815 19.067352 0.941389
0.456360 5.927750 0.817648
0.456360 7.056531 0.858622
0.456360 9.942792 0.942898
0.456360 11.025259 0.817648
0.456360 12.595593 0.858622
0.456360 19.145887 0.942898
0.458905 5.814748 0.826939
0.458905 6.916262 0.864984
0.458905 9.784061 0.944285
0.458905 11.042722 0.826939
0.458905 12.561815 0.864984
0.458905 19.222517 0.944285
0.461450 5.700480 0.835752
0.461450 6.774783 0.871035
0.461450 9.621790 0.945559
0.461450 11.060757 0.835752
0.461450 12.528583 0.871035
0.461450 19.297242 0.945559
0.463994 5.585004 0.844096
0.463994 6.632153 0.876782
0.463994 9.456032 0.946730
0.463994 11.079293 0.844096
0.463994 12.495878 0.876782
0.463994 19.370063 0.946730
0.466539 5.468378 0.851985
0.466539 6.488429 0.882233
0.466539 9.286844 0.947806
0.466539 11.098259 0.851985
0.466539 12.463685 0.882233
0.466539 19.440984 0.947806
0.469084 5.350656 0.859434
0.469084 6.343665 0.887396
0.469084 9.114280 0.948796
0.469084 11.117591 0.859434
0.469084 12.431992 0.887396
0.469084 19.510009 0.948796
0.471628 5.231888 0.866458
0.471628 6.197918 0.892283
0.471628 8.938398 0.949706
0.471628 11.137226 0.866458
0.471628 12.400788 0.892283
0.471628 19.577144 0.949706
0.474173 5.112123 0.873075
0.474173 6.051239 0.896903
0.474173 8.759258 0.950543
0.474173 11.157102 0.873075
0.474173 12.370066 0.896903
0.474173 19.642396 0.950543
0.476718 4.991406 0.879302
0.476718 5.903681 0.901266
0.476718 8.576918 0.951313
0.476718 11.177162 0.879302
0.476718 12.339821 0.901266
0.476718 19.705772 0.951313
0.479262 4.869779 0.885157
0.479262 5.755295 0.905384
0.479262 8.391442 0.952021
0.479262 11.197349 0.885157
0.479262 12.310050 0.905384
0.479262 19.767281 0.952021
0.481807 4.747285 0.890658
0.481807 5.606129 0.909267
0.481807 8.202891 0.952672
0.481807 11.217611 0.890658
0.481807 12.280753 0.909267
0.481807 19.826934 0.952672
0.484352 4.623960 0.895823
0.484352 5.456230 0.912925
0.484352 8.011330 0.953271
0.484352 11.237895 0.895823
0.484352 12.251932 0.912925
0.484352 19.884740 0.953271
0.486896 4.499843 0.900669
0.486896 5.305646 0.916370
0.486896 7.816826 0.953821
0.486896 11.258151 0.900669
0.486896 12.223594 0.916370
0.486896 19.940712 0.953821
0.489441 4.374968 0.905214
0.489441 5.154419 0.919612
0.489441 7.619444 0.954326
0.489441 11.278332 0.905214
0.489441 12.195744 0.919612
0.489441 19.994861 0.954326
0.491986 4.249369 0.909473
0.491986 5.002594 0.922661
0.491986 7.419254 0.954790
0.491986 11.298392 0.909473
0.491986 12.168392 0.922661
0.491986 20.047199 0.954790
0.494531 4.123077 0.913462
0.494531 4.850210 0.925526
0.494531 7.216325 0.955217
0.494531 11.318285 0.913462
0.494531 12.141550 0.925526
0.494531 20.097740 0.955217
0.497075 3.996124 0.917197
0.497075 4.697308 0.928217
0.497075 7.010728 0.955607
0.497075 11.337971 0.917197
0.497075 12.115230 0.928217
0.497075 20.146495 0.955607
0.499620 3.868540 0.920693
0.499620 4.543925 0.930744
0.499620 6.802537 0.955966
0.499620 11.357406 0.920693
0.499620 12.089450 0.930744
0.499620 20.193480 0.955966
0.502165 3.740351 0.923961
0.502165 4.390097 0.933114
0.502165 6.591823 0.956295
0.502165 11.376551 0.923961
0.502165 12.064224 0.933114
0.502165 20.238707 0.956295
0.504709 3.611586 0.927017
0.504709 4.235859 0.935336
0.504709 6.378663 0.956596
0.504709 11.395369 0.927017
0.504709 12.039574 0.935336
0.504709 20.282190 0.956596
0.507254 3.482272 0.929872
0.507254 4.081244 0.937418
0.507254 6.163132 0.956871
0.507254 11.413821 0.929872
0.507254 12.015518 0.937418
0.507254 20.323943 0.956871
0.509799 3.352433 0.932537
0.509799 3.926283 0.939367
0.509799 5.945308 0.957123
0.509799 11.431874 0.932537
0.509799 11.992078 0.939367
0.509799 20.363980 0.957123
0.512343 3.222094 0.935023
0.512343 3.771005 0.941190
0.512343 5.725269 0.957353
0.512343 11.449492 0.935023
0.512343 11.969277 0.941190
0.512343 20.402315 0.957353
0.514888 3.091280 0.937341
0.514888 3.615438 0.942894
0.514888 5.503094 0.957563
0.514888 11.466644 0.937341
0.514888 11.947139 0.942894
0.514888 20.438961 0.957563
0.517433 2.960014 0.939499
0.517433 3.459608 0.944486
0.517433 5.278865 0.957754
0.517433 11.483297 0.939499
0.517433 11.925689 0.944486
0.517433 20.473933 0.957754
0.519977 2.828318 0.941508
0.519977 3.303541 0.945970
0.519977 5.052662 0.957928
0.519977 11.499421 0.941508
0.519977 11.904951 0.945970
0.519977 20.507244 0.957928
0.522522 2.696216 0.943374
0.522522 3.147258 0.947352
0.522522 4.824568 0.958087
0.522522 11.514989 0.943374
0.522522 11.884951 0.947352
0.522522 20.538907 0.958087
0.525067 2.563728 0.945106
0.525067 2.990783 0.948638
0.525067 4.594668 0.958231
0.525067 11.529973 0.945106
0.525067 11.865716 0.948638
0.525067 20.568934 0.958231
0.527612 2.430877 0.946712
0.527612 2.834133 0.949832
0.527612 4.363045 0.958361
0.527612 11.544345 0.946712
0.527612 11.847272 0.949832
0.527612 20.597339 0.958361
0.530156 2.297682 0.948196
0.530156 2.677329 0.950939
0.530156 4.129784 0.958479
0.530156 11.558083 0.948196
0.530156 11.829645 0.950939
0.530156 20.624134 0.958479
0.532701 2.164166 0.949566
0.532701 2.520387 0.951962
0.532701 3.894973 0.958586
0.532701 11.571162 0.949566
0.532701 11.812861 0.951962
0.532701 20.649330 0.958586
0.535246 2.030347 0.950827
0.535246 2.363324 0.952905
0.535246 3.658698 0.958682
0.535246 11.583560 0.950827
0.535246 11.796945 0.952905
0.535246 20.672938 0.958682
0.537790 1.896247 0.951985
0.537790 2.206152 0.953773
0.537790 3.421047 0.958768
0.537790 11.595256 0.951985
0.537790 11.781922 0.953773
0.537790 20.694970 0.958768
0.540335 1.761884 0.953043
0.540335 2.048886 0.954568
0.540335 3.182108 0.958845
0.540335 11.606231 0.953043
0.540335 11.767818 0.954568
0.540335 20.715436 0.958845
0.542880 1.627279 0.954007
0.542880 1.891538 0.955292
0.542880 2.941970 0.958914
0.542880 11.616467 0.954007
0.542880 11.754654 0.955292
0.542880 20.734345 0.958914
0.545424 1.492451 0.954880
0.545424 1.734119 0.955950
0.545424 2.700724 0.958975
0.545424 11.625946 0.954880
0.545424 11.742454 0.955950
0.545424 20.751707 0.958975
0.547969 1.357419 0.955666
0.547969 1.576638 0.956542
0.547969 2.458460 0.959030
0.547969 11.634654 0.955666
0.547969 11.731239 0.956542
0.547969 20.767530 0.959030
0.550514 1.222202 0.956368
0.550514 1.419104 0.957072
0.550514 2.215268 0.959077
0.550514 11.642575 0.956368
0.550514 11.721029 0.957072
0.550514 20.781821 0.959077
0.553058 1.086818 0.956989
0.553058 1.261525 0.957541
0.553058 1.971240 0.959118
0.553058 11.649697 0.956989
0.553058 11.711841 0.957541
0.553058 20.794589 0.959118
0.555603 0.951288 0.957531
0.555603 1.103909 0.957951
0.555603 1.726467 0.959154
0.555603 11.656008 0.957531
0.555603 11.703694 0.957951
0.555603 20.805839 0.959154
0.558148 0.815628 0.957996
0.558148 0.946261 0.958303
0.558148 1.481043 0.959184
0.558148 11.661499 0.957996
0.558148 11.696601 0.958303
0.558148 20.815577 0.959184
0.560692 0.679858 0.958387
0.560692 0.788587 0.958599
0.560692 1.235059 0.959209
0.560692 11.666160 0.958387
0.560692 11.690576 0.958599
0.560692 20.823809 0.959209
0.563237 0.543996 0.958704
0.563237 0.630893 0.958839
0.563237 0.988608 0.959229
0.563237 11.669984 0.958704
0.563237 11.685631 0.958839
0.563237 20.830538 0.959229
0.565782 0.408061 0.958950
0.565782 0.473183 0.959026
0.565782 0.741783 0.959244
0.565782 11.672964 0.958950
0.565782 11.681775 0.959026
0.565782 20.835768 0.959244
0.568327 0.272071 0.959125
0.568327 0.315462 0.959158
0.568327 0.494678 0.959255
0.568327 11.675096 0.959125
0.568327 11.679015 0.959158
0.568327 20.839502 0.959255
0.570871 0.136045 0.959229
0.570871 0.157733 0.959238
0.570871 0.247386 0.959262
0.570871 11.676377 0.959229
0.570871 11.677357 0.959238
0.570871 20.841741 0.959262
0.573416 0.000000 0.959264
0.573416 0.000000 0.959264
0.573416 0.000000 0.959264
0.573416 11.676804 0.959264
0.573416 11.676804 0.959264
0.573416 20.842488 0.959264
0.573416 0.000000 0.959264
0.573416 0.000000 0.959264
0.573416 0.000000 0.959264
0.573416 11.676804 0.959264
0.573416 11.676804 0.959264
0.573416 20.842488 0.959264
0.575494 0.117279 0.959243
0.575494 0.117279 0.959243
0.575494 0.205472 0.959263
0.575494 11.676737 0.959243
0.575494 11.676737 0.959243
0.575494 20.842112 0.959263
0.577571 0.234539 0.959179
0.577571 0.234539 0.959179
0.577571 0.410913 0.959261
0.577571 11.676536 0.959179
0.577571 11.676536 0.959179
0.577571 20.840986 0.959261
0.579649 0.351761 0.959072
0.579649 0.351761 0.959072
0.579649 0.616293 0.959256
0.579649 11.676201 0.959072
0.579649 11.676201 0.959072
0.579649 20.839108 0.959256
0.581727 0.468926 0.958922
0.581727 0.468926 0.958922
0.581727 0.821581 0.959250
0.581727 11.675730 0.958922
0.581727 11.675730 0.958922
0.581727 20.836478 0.959250
0.583805 0.586015 0.958728
0.583805 0.586015 0.958728
0.583805 1.026747 0.959242
0.583805 11.675123 0.958728
0.583805 11.675123 0.958728
0.583805 20.833096 0.959242
0.585882 0.703009 0.958491
0.585882 0.703009 0.958491
0.585882 1.231761 0.959233
0.585882 11.674378 0.958491
0.585882 11.674378 0.958491
0.585882 20.828961 0.959233
0.587960 0.819890 0.958210
0.587960 0.819890 0.958210
0.587960 1.436592 0.959221
0.587960 11.673493 0.958210
0.587960 11.673493 0.958210
0.587960 20.824073 0.959221
0.590038 0.936638 0.957884
0.590038 0.936638 0.957884
0.590038 1.641210 0.959207
0.590038 11.672468 0.957884
0.590038 11.672468 0.957884
0.590038 20.818430 0.959207
0.592116 1.053234 0.957512
0.592116 1.053234 0.957512
0.592116 1.845585 0.959191
0.592116 11.671299 0.957512
0.592116 11.671299 0.957512
0.592116 20.812031 0.959191
0.594193 1.169660 0.957095
0.594193 1.169660 0.957095
0.594193 2.049686 0.959173
0.594193 11.669983 0.957095
0.594193 11.669983 0.957095
0.594193 20.804875 0.959173
0.596271 1.285896 0.956630
0.596271 1.285896 0.956630
0.596271 2.253483 0.959152
0.596271 11.668519 0.956630
0.596271 11.668519 0.956630
0.596271 20.796960 0.959152
0.598349 1.401924 0.956118
0.598349 1.401924 0.956118
0.598349 2.456948 0.959129
0.598349 11.666903 0.956118
0.598349 11.666903 0.956118
0.598349 20.788286 0.959129
0.600426 1.517726 0.955556
0.600426 1.517726 0.955556
0.600426 2.660049 0.959104
0.600426 11.665132 0.955556
0.600426 11.665132 0.955556
0.600426 20.778850 0.959104
0.602504 1.633282 0.954945
0.602504 1.633282 0.954945
0.602504 2.862758 0.959075
0.602504 11.663202 0.954945
0.602504 11.663202 0.954945
0.602504 20.768650 0.959075
0.604582 1.748573 0.954283
0.604582 1.748573 0.954283
0.604582 3.065046 0.959043
0.604582 11.661109 0.954283
0.604582 11.661109 0.954283
0.604582 20.757684 0.959043
0.606660 1.863582 0.953568
0.606660 1.863582 0.953568
0.606660 3.266881 0.959008
0.606660 11.658850 0.953568
0.606660 11.658850 0.953568
0.606660 20.745951 0.959008
0.608737 1.978288 0.952799
0.608737 1.978288 0.952799
0.608737 3.468237 0.958969
0.608737 11.656419 0.952799
0.608737 11.656419 0.952799
0.608737 20.733447 0.958969
0.610815 2.092675 0.951974
0.610815 2.092675 0.951974
0.610815 3.669084 0.958926
0.610815 11.653812 0.951974
0.610815 11.653812 0.951974
0.610815 20.720171 0.958926
0.612893 2.206723 0.951093
0.612893 2.206723 0.951093
0.612893 3.869392 0.958880
0.612893 11.651025 0.951093
0.612893 11.651025 0.951093
0.612893 20.706120 0.958880
0.614971 2.320414 0.950153
0.614971 2.320414 0.950153
0.614971 4.069135 0.958828
0.614971 11.648052 0.950153
0.614971 11.648052 0.950153
0.614971 20.691290 0.958828
0.617048 2.433729 0.949152
0.617048 2.433729 0.949152
0.617048 4.268283 0.958772
0.617048 11.644889 0.949152
0.617048 11.644889 0.949152
0.617048 20.675680 0.958772
0.619126 2.546649 0.948088
0.619126 2.546649 0.948088
0.619126 4.466809 0.958711
0.619126 11.641529 0.948088
0.619126 11.641529 0.948088
0.619126 20.659285 0.958711
0.621204 2.659158 0.946960
0.621204 2.659158 0.946960
0.621204 4.664685 0.958645
0.621204 11.637967 0.946960
0.621204 11.637967 0.946960
0.621204 20.642103 0.958645
0.623282 2.771236 0.945765
0.623282 2.771236 0.945765
0.623282 4.861884 0.958573
0.623282 11.634198 0.945765
0.623282 11.634198 0.945765
0.623282 20.624131 0.958573
0.625359 2.882864 0.944501
0.625359 2.882864 0.944501
0.625359 5.058377 0.958494
0.625359 11.630215 0.944501
0.625359 11.630215 0.944501
0.625359 20.605364 0.958494
0.627437 2.994026 0.943166
0.627437 2.994026 0.943166
0.627437 5.254139 0.958408
0.627437 11.626012 0.943166
0.627437 11.626012 0.943166
0.627437 20.585799 0.958408
0.629515 3.104702 0.941756
0.629515 3.104702 0.941756
0.629515 5.449143 0.958316
0.629515 11.621584 0.941756
0.629515 11.621584 0.941756
0.629515 20.565433 0.958316
0.631592 3.214874 0.940269
0.631592 3.214874 0.940269
0.631592 5.643363 0.958215
0.631592 11.616924 0.940269
0.631592 11.616924 0.940269
0.631592 20.544261 0.958215
0.633670 3.324526 0.938702
0.633670 3.324526 0.938702
0.633670 5.836771 0.958106
0.633670 11.612025 0.938702
0.633670 11.612025 0.938702
0.633670 20.522279 0.958106
0.635748 3.433637 0.937052
0.635748 3.433637 0.937052
0.635748 6.029344 0.957988
0.635748 11.606881 0.937052
0.635748 11.606881 0.937052
0.635748 20.499482 0.957988
0.637826 3.542191 0.935317
0.637826 3.542191 0.935317
0.637826 6.221054 0.957860
0.637826 11.601485 0.935317
0.637826 11.601485 0.935317
0.637826 20.475868 0.957860
0.639903 3.650169 0.933492
0.639903 3.650169 0.933492
0.639903 6.411878 0.957722
0.639903 11.595831 0.933492
0.639903 11.595831 0.933492
0.639903 20.451430 0.957722
0.641981 3.757554 0.931574
0.641981 3.757554 0.931574
0.641981 6.601791 0.957573
0.641981 11.589912 0.931574
0.641981 11.589912 0.931574
0.641981 20.426164 0.957573
0.644059 3.864327 0.929559
0.644059 3.864327 0.929559
0.644059 6.790767 0.957412
0.644059 11.583722 0.929559
0.644059 11.583722 0.929559
0.644059 20.400065 0.957412
0.646137 3.970471 0.927444
0.646137 3.970471 0.927444
0.646137 6.978784 0.957238
0.646137 11.577253 0.927444
0.646137 11.577253 0.927444
0.646137 20.373129 0.957238
0.648214 4.075968 0.925224
0.648214 4.075968 0.925224
0.648214 7.165817 0.957050
0.648214 11.570500 0.925224
0.648214 11.570500 0.925224
0.648214 20.345350 0.957050
0.650292 4.180800 0.922896
0.650292 4.180800 0.922896
0.650292 7.351843 0.956847
0.650292 11.563455 0.922896
0.650292 11.563455 0.922896
0.650292 20.316723 0.956847
0.652370 4.284948 0.920455
0.652370 4.284948 0.920455
0.652370 7.536840 0.956629
0.652370 11.556112 0.920455
0.652370 11.556112 0.920455
0.652370 20.287243 0.956629
0.654447 4.388396 0.917896
0.654447 4.388396 0.917896
0.654447 7.720784 0.956394
0.654447 11.548465 0.917896
0.654447 11.548465 0.917896
0.654447 20.256904 0.956394
0.656525 4.491124 0.915215
0.656525 4.491124 0.915215
0.656525 7.903653 0.956140
0.656525 11.540508 0.915215
0.656525 11.540508 0.915215
0.656525 20.225700 0.956140
0.658603 4.593116 0.912406
0.658603 4.593116 0.912406
0.658603 8.085425 0.955867
0.658603 11.532233 0.912406
0.658603 11.532233 0.912406
0.658603 20.193627 0.955867
0.660681 4.694352 0.909465
0.660681 4.694352 0.909465
0.660681 8.266079 0.955572
0.660681 11.523635 0.909465
0.660681 11.523635 0.909465
0.660681 20.160677 0.955572
0.662758 4.794816 0.906386
0.662758 4.794816 0.906386
0.662758 8.445594 0.955255
0.662758 11.514709 0.906386
0.662758 11.514709 0.906386
0.662758 20.126846 0.955255
0.664836 4.894488 0.903163
0.664836 4.894488 0.903163
0.664836 8.623949 0.954914
0.664836 11.505449 0.903163
0.664836 11.505449 0.903163
0.664836 20.092127 0.954914
0.666914 4.993351 0.899791
0.666914 4.993351 0.899791
0.666914 8.801124 0.954546
0.666914 11.495849 0.899791
0.666914 11.495849 0.899791
0.666914 20.056515 0.954546
0.668992 5.091385 0.896263
0.668992 5.091385 0.896263
0.668992 8.977098 0.954150
0.668992 11.485905 0.896263
0.668992 11.485905 0.896263
0.668992 20.020003 0.954150
0.671069 5.188573 0.892574
0.671069 5.188573 0.892574
0.671069 9.151852 0.953723
0.671069 11.475612 0.892574
0.671069 11.475612 0.892574
0.671069 19.982585 0.953723
0.673147 5.284895 0.888718
0.673147 5.284895 0.888718
0.673147 9.325366 0.953264
0.673147 11.464966 0.888718
0.673147 11.464966 0.888718
0.673147 19.944255 0.953264
0.675225 5.380332 0.884686
0.675225 5.380332 0.884686
0.675225 9.497622 0.952769
0.675225 11.453962 0.884686
0.675225 11.453962 0.884686
0.675225 19.905007 0.952769
0.677303 5.474866 0.880474
0.677303 5.474866 0.880474
0.677303 9.668601 0.952236
0.677303 11.442598 0.880474
0.677303 11.442598 0.880474
0.677303 19.864835 0.952236
0.679380 5.568476 0.876073
0.679380 5.568476 0.876073
0.679380 9.838285 0.951661
0.679380 11.430870 0.876073
0.679380 11.430870 0.876073
0.679380 19.823732 0.951661
0.681458 5.661144 0.871478
0.681458 5.661144 0.871478
0.681458 10.006654 0.951042
0.681458 11.418777 0.871478
0.681458 11.418777 0.871478
0.681458 19.781693 0.951042
0.683536 5.752848 0.866680
0.683536 5.752848 0.866680
0.683536 10.173693 0.950374
0.683536 11.406316 0.866680
0.683536 11.406316 0.866680
0.683536 19.738712 0.950374
0.685613 5.843568 0.861672
0.685613 5.843568 0.861672
0.685613 10.339383 0.949653
0.685613 11.393486 0.861672
0.685613 11.393486 0.861672
0.685613 19.694782 0.949653
0.687691 5.933283 0.856448
0.687691 5.933283 0.856448
0.687691 10.503707 0.948875
0.687691 11.380287 0.856448
0.687691 11.380287 0.856448
0.687691 19.649898 0.948875
0.689769 6.021972 0.851000
0.689769 6.021972 0.851000
0.689769 10.666649 0.948035
0.689769 11.366720 0.851000
0.689769 11.366720 0.851000
0.689769 19.604054 0.948035
0.691847 6.109613 0.845320
0.691847 6.109613 0.845320
0.691847 10.828191 0.947127
0.691847 11.352786 0.845320
0.691847 11.352786 0.845320
0.691847 19.557245 0.947127
0.693924 6.196182 0.839402
0.693924 6.196182 0.839402
0.693924 10.988316 0.946145
0.693924 11.338488 0.839402
0.693924 11.338488 0.839402
0.693924 19.509466 0.946145
0.696002 6.281657 0.833238
0.696002 6.281657 0.833238
0.696002 11.147009 0.945083
0.696002 11.323827 0.833238
0.696002 11.323827 0.833238
0.696002 19.460711 0.945083
0.698080 6.366013 0.826821
0.698080 6.366013 0.826821
0.698080 11.304252 0.943932
0.698080 11.308810 0.826821
0.698080 11.308810 0.826821
0.698080 19.410977 0.943932
0.700158 6.449225 0.820146
0.700158 6.449225 0.820146
0.700158 11.293441 0.820146
0.700158 11.293441 0.820146
0.700158 11.460030 0.942684
0.700158 19.360258 0.942684
0.702235 6.531267 0.813205
0.702235 6.531267 0.813205
0.702235 11.277727 0.813205
0.702235 11.277727 0.813205
0.702235 11.614325 0.941330
0.702235 19.308551 0.941330
0.704313 6.612113 0.805995
0.704313 6.612113 0.805995
0.704313 11.261678 0.805995
0.704313 11.261678 0.805995
0.704313 11.767122 0.939860
0.704313 19.255854 0.939860
0.706391 6.691734 0.798509
0.706391 6.691734 0.798509
0.706391 11.245302 0.798509
0.706391 11.245302 0.798509
0.706391 11.918403 0.938261
0.706391 19.202164 0.938261
0.708469 6.770100 0.790744
0.708469 6.770100 0.790744
0.708469 11.228611 0.790744
0.708469 11.228611 0.790744
0.708469 12.068151 0.936519
0.708469 19.147478 0.936519
0.710546 6.847181 0.782697
0.710546 6.847181 0.782697
0.710546 11.211619 0.782697
0.710546 11.211619 0.782697
0.710546 12.216349 0.934621
0.710546 19.091797 0.934621
0.712624 6.922944 0.774366
0.712624 6.922944 0.774366
0.712624 11.194341 0.774366
0.712624 11.194341 0.774366
0.712624 12.362978 0.932548
0.712624 19.035121 0.932548
0.714702 6.997356 0.765751
0.714702 6.997356 0.765751
0.714702 11.176794 0.765751
0.714702 11.176794 0.765751
0.714702 12.508019 0.930282
0.714702 18.977450 0.930282
0.716779 7.070380 0.756854
0.716779 7.070380 0.756854
0.716779 11.158998 0.756854
0.716779 11.158998 0.756854
0.716779 12.651453 0.927800
0.716779 18.918789 0.927800
0.718857 7.141978 0.747677
0.718857 7.141978 0.747677
0.718857 11.140975 0.747677
0.718857 11.140975 0.747677
0.718857 12.793258 0.925077
0.718857 18.859141 0.925077
0.720935 7.212110 0.738227
0.720935 7.212110 0.738227
0.720935 11.122749 0.738227
0.720935 11.122749 0.738227
0.720935 12.933411 0.922085
0.720935 18.798513 0.922085
0.723013 7.280734 0.728511
0.723013 7.280734 0.728511
0.723013 11.104350 0.728511
0.723013 11.104350 0.728511
0.723013 13.071889 0.918791
0.723013 18.736914 0.918791
0.725090 7.347805 0.718540
0.725090 7.347805 0.718540
0.725090 11.085806 0.718540
0.725090 11.085806 0.718540
0.725090 13.208664 0.915158
0.725090 18.674355 0.915158
0.727168 7.413275 0.708329
0.727168 7.413275 0.708329
0.727168 11.067151 0.708329
0.727168 11.067151 0.708329
0.727168 13.343707 0.911141
0.727168 18.610852 0.911141
0.729246 7.477092 0.697895
0.729246 7.477092 0.697895
0.729246 11.048424 0.697895
0.729246 11.048424 0.697895
0.729246 13.476986 0.906692
0.729246 18.546423 0.906692
0.731324 7.539204 0.687259
0.731324 7.539204 0.687259
0.731324 11.029664 0.687259
0.731324 11.029664 0.687259
0.731324 13.608463 0.901752
0.731324 18.481090 0.901752
0.733401 7.599553 0.676447
0.733401 7.599553 0.676447
0.733401 11.010917 0.676447
0.733401 11.010917 0.676447
0.733401 13.738098 0.896255
0.733401 18.414884 0.896255
0.735479 7.658078 0.665488
0.735479 7.658078 0.665488
0.735479 10.992232 0.665488
0.735479 10.992232 0.665488
0.735479 13.865841 0.890125
0.735479 18.347839 0.890125
0.737557 7.714715 0.654419
0.737557 7.714715 0.654419
0.737557 10.973660 0.654419
0.737557 10.973660 0.654419
0.737557 13.991638 0.883272
0.737557 18.279998 0.883272
0.739635 7.769394 0.643278
0.739635 7.769394 0.643278
0.739635 10.955259 0.643278
0.739635 10.955259 0.643278
0.739635 14.115424 0.875593
0.739635 18.211415 0.875593
0.741712 7.822045 0.632110
0.741712 7.822045 0.632110
0.741712 10.937092 0.632110
0.741712 10.937092 0.632110
0.741712 14.237123 0.866971
0.741712 18.142155 0.866971
0.743790 7.872591 0.620966
0.743790 7.872591 0.620966
0.743790 10.919223 0.620966
0.743790 10.919223 0.620966
0.743790 14.356644 0.857269
0.743790 18.072298 0.857269
0.745868 7.920952 0.609900
0.745868 7.920952 0.609900
0.745868 10.901724 0.609900
0.745868 10.901724 0.609900
0.745868 14.473879 0.846331
0.745868 18.001942 0.846331
0.747945 7.967044 0.598973
0.747945 7.967044 0.598973
0.747945 10.884669 0.598973
0.747945 10.884669 0.598973
0.747945 14.588695 0.833984
0.747945 17.931211 0.833984
0.750023 8.010780 0.588251
0.750023 8.010780 0.588251
0.750023 10.868136 0.588251
0.750023 10.868136 0.588251
0.750023 14.700934 0.820034
0.750023 17.860255 0.820034
0.752101 8.052071 0.577801
0.752101 8.052071 0.577801
0.752101 10.852208 0.577801
0.752101 10.852208 0.577801
0.752101 14.810396 0.804272
0.752101 17.789264 0.804272
0.754179 8.090823 0.567698
0.754179 8.090823 0.567698
0.754179 10.836970 0.567698
0.754179 10.836970 0.567698
0.754179 14.916839 0.786482
0.754179 17.718474 0.786482
0.756256 8.126942 0.558016
0.756256 8.126942 0.558016
0.756256 10.822509 0.558016
0.756256 10.822509 0.558016
0.756256 15.019957 0.766456
0.756256 17.648184 0.766456
0.758334 8.160333 0.548833
0.758334 8.160333 0.548833
0.758334 10.808914 0.548833
0.758334 10.808914 0.548833
0.758334 15.119365 0.744023
0.758334 17.578770 0.744023
0.760412 8.190902 0.540227
0.760412 8.190902 0.540227
0.760412 10.796274 0.540227
0.760412 10.796274 0.540227
0.760412 15.214578 0.719088
0.760412 17.510713 0.719088
0.762490 8.218555 0.532275
0.762490 8.218555 0.532275
0.762490 10.784676 0.532275
0.762490 10.784676 0.532275
0.762490 15.304980 0.691698
0.762490 17.444623 0.691698
0.764567 8.243203 0.525051
0.764567 8.243203 0.525051
0.764567 10.774207 0.525051
0.764567 10.774207 0.525051
0.764567 15.389794 0.662131
0.764567 17.381273 0.662131
0.766645 8.264759 0.518628
0.766645 8.264759 0.518628
0.766645 10.764946 0.518628
0.766645 10.764946 0.518628
0.766645 15.468037 0.630999
0.766645 17.321640 0.630999
0.768723 8.283146 0.513070
0.768723 8.283146 0.513070
0.768723 10.756970 0.513070
0.768723 10.756970 0.513070
0.768723 15.538498 0.599356
0.768723 17.266933 0.599356
0.770800 8.298294 0.508436
0.770800 8.298294 0.508436
0.770800 10.750344 0.508436
0.770800 10.750344 0.508436
0.770800 15.599716 0.568774
0.770800 17.218609 0.568774
0.772878 8.310141 0.504777
0.772878 8.310141 0.504777
0.772878 10.745127 0.504777
0.772878 10.745127 0.504777
0.772878 15.650024 0.541305
0.772878 17.178332 0.541305
0.774956 8.318640 0.502133
0.774956 8.318640 0.502133
0.774956 10.741366 0.502133
0.774956 10.741366 0.502133
0.774956 15.687668 0.519291
0.774956 17.147854 0.519291
0.777034 8.323753 0.500535
0.777034 8.323753 0.500535
0.777034 10.739096 0.500535
0.777034 10.739096 0.500535
0.777034 15.711036 0.504974
0.777034 17.128786 0.504974
0.779111 8.325460 0.500000
0.779111 8.325460 0.500000
0.779111 10.738337 0.500000
0.779111 10.738337 0.500000
0.779111 15.718968 0.500000
0.779111 17.122288 0.500000
