# F(Thz)          sk_xx       sk_yy         sk_zz
0.00000000e+00 0.00000000e+00 0.00000000e+00 0.00000000e+00
6.44537223e-02 2.43232135e-03 2.43232152e-03 2.43232147e-03
1.28907445e-01 7.42812783e-03 7.42812844e-03 7.42812828e-03
1.93361167e-01 1.73816217e-02 1.73816234e-02 1.73816230e-02
2.57814889e-01 3.64420785e-02 3.64420828e-02 3.64420817e-02
3.22268612e-01 7.12481216e-02 7.12481315e-02 7.12481289e-02
3.86722334e-01 1.31498550e-01 1.31498571e-01 1.31498565e-01
4.51176056e-01 2.29847122e-01 2.29847162e-01 2.29847152e-01
5.15629779e-01 3.80532380e-01 3.80532450e-01 3.80532432e-01
5.80083501e-01 5.96403143e-01 5.96403256e-01 5.96403227e-01
6.44537223e-01 8.84706906e-01 8.84707076e-01 8.84707032e-01
7.08990946e-01 1.24302750e+00 1.24302774e+00 1.24302767e+00
7.73444668e-01 1.65746506e+00 1.65746536e+00 1.65746528e+00
8.37898390e-01 2.10480951e+00 2.10480986e+00 2.10480977e+00
9.02352112e-01 2.55885535e+00 2.55885572e+00 2.55885562e+00
9.66805835e-01 2.99882061e+00 2.99882097e+00 2.99882088e+00
1.03125956e+00 3.41636720e+00 3.41636754e+00 3.41636745e+00
1.09571328e+00 3.81799507e+00 3.81799536e+00 3.81799529e+00
1.16016700e+00 4.22152882e+00 4.22152904e+00 4.22152899e+00
1.22462072e+00 4.64789167e+00 4.64789183e+00 4.64789180e+00
1.28907445e+00 5.11106358e+00 5.11106371e+00 5.11106370e+00
1.35352817e+00 5.60945857e+00 5.60945868e+00 5.60945870e+00
1.41798189e+00 6.12120663e+00 6.12120675e+00 6.12120680e+00
1.48243561e+00 6.60465551e+00 6.60465567e+00 6.60465576e+00
1.54688934e+00 7.00428375e+00 7.00428398e+00 7.00428412e+00
1.61134306e+00 7.26120200e+00 7.26120230e+00 7.26120251e+00
1.67579678e+00 7.32639860e+00 7.32639900e+00 7.32639926e+00
1.74025050e+00 7.17388837e+00 7.17388885e+00 7.17388916e+00
1.80470422e+00 6.81029231e+00 6.81029283e+00 6.81029317e+00
1.86915795e+00 6.27766010e+00 6.27766063e+00 6.27766097e+00
1.93361167e+00 5.64782272e+00 5.64782320e+00 5.64782352e+00
1.99806539e+00 5.00898730e+00 5.00898771e+00 5.00898799e+00
2.06251911e+00 4.44792245e+00 4.44792279e+00 4.44792300e+00
2.12697284e+00 4.03269257e+00 4.03269282e+00 4.03269298e+00
2.19142656e+00 3.80055605e+00 3.80055621e+00 3.80055633e+00
2.25588028e+00 3.75357713e+00 3.75357724e+00 3.75357732e+00
2.32033400e+00 3.86182426e+00 3.86182435e+00 3.86182440e+00
2.38478773e+00 4.07211894e+00 4.07211902e+00 4.07211907e+00
2.44924145e+00 4.31995450e+00 4.31995459e+00 4.31995464e+00
2.51369517e+00 4.54252768e+00 4.54252779e+00 4.54252786e+00
2.57814889e+00 4.69063200e+00 4.69063214e+00 4.69063222e+00
2.64260262e+00 4.73703030e+00 4.73703046e+00 4.73703055e+00
2.70705634e+00 4.67958947e+00 4.67958964e+00 4.67958975e+00
2.77151006e+00 4.53848606e+00 4.53848623e+00 4.53848634e+00
2.83596378e+00 4.34820632e+00 4.34820648e+00 4.34820658e+00
2.90041750e+00 4.14701354e+00 4.14701367e+00 4.14701376e+00
2.96487123e+00 3.96738900e+00 3.96738911e+00 3.96738918e+00
3.02932495e+00 3.82985267e+00 3.82985275e+00 3.82985280e+00
3.09377867e+00 3.74085340e+00 3.74085346e+00 3.74085349e+00
3.15823239e+00 3.69405901e+00 3.69405904e+00 3.69405907e+00
3.22268612e+00 3.67374738e+00 3.67374741e+00 3.67374742e+00
3.28713984e+00 3.65924056e+00 3.65924059e+00 3.65924060e+00
3.35159356e+00 3.62986782e+00 3.62986785e+00 3.62986787e+00
3.41604728e+00 3.57002007e+00 3.57002011e+00 3.57002013e+00
3.48050101e+00 3.47343830e+00 3.47343836e+00 3.47343838e+00
3.54495473e+00 3.34558881e+00 3.34558888e+00 3.34558890e+00
3.60940845e+00 3.20319932e+00 3.20319939e+00 3.20319941e+00
3.67386217e+00 3.07079638e+00 3.07079644e+00 3.07079646e+00
3.73831589e+00 2.97501125e+00 2.97501131e+00 2.97501133e+00
3.80276962e+00 2.93796913e+00 2.93796917e+00 2.93796919e+00
3.86722334e+00 2.97137123e+00 2.97137127e+00 2.97137128e+00
3.93167706e+00 3.07287415e+00 3.07287417e+00 3.07287418e+00
3.99613078e+00 3.22584273e+00 3.22584275e+00 3.22584275e+00
4.06058451e+00 3.40273069e+00 3.40273070e+00 3.40273071e+00
4.12503823e+00 3.57137463e+00 3.57137463e+00 3.57137464e+00
4.18949195e+00 3.70259064e+00 3.70259065e+00 3.70259065e+00
4.25394567e+00 3.77704213e+00 3.77704213e+00 3.77704214e+00
4.31839940e+00 3.78960087e+00 3.78960088e+00 3.78960089e+00
4.38285312e+00 3.75028563e+00 3.75028563e+00 3.75028564e+00
4.44730684e+00 3.68187847e+00 3.68187848e+00 3.68187849e+00
4.51176056e+00 3.61497718e+00 3.61497719e+00 3.61497720e+00
4.57621428e+00 3.58145391e+00 3.58145392e+00 3.58145393e+00
4.64066801e+00 3.60730059e+00 3.60730060e+00 3.60730061e+00
4.70512173e+00 3.70594152e+00 3.70594153e+00 3.70594154e+00
4.76957545e+00 3.87347938e+00 3.87347939e+00 3.87347939e+00
4.83402917e+00 4.08776534e+00 4.08776534e+00 4.08776535e+00
4.89848290e+00 4.31284417e+00 4.31284418e+00 4.31284418e+00
4.96293662e+00 4.50862573e+00 4.50862574e+00 4.50862574e+00
5.02739034e+00 4.64314825e+00 4.64314825e+00 4.64314826e+00
5.09184406e+00 4.70301269e+00 4.70301269e+00 4.70301270e+00
5.15629779e+00 4.69782929e+00 4.69782929e+00 4.69782930e+00
5.22075151e+00 4.65699653e+00 4.65699654e+00 4.65699654e+00
5.28520523e+00 4.62033701e+00 4.62033701e+00 4.62033702e+00
5.34965895e+00 4.62619158e+00 4.62619159e+00 4.62619159e+00
5.41411267e+00 4.70070347e+00 4.70070348e+00 4.70070348e+00
5.47856640e+00 4.85073529e+00 4.85073530e+00 4.85073531e+00
5.54302012e+00 5.06156020e+00 5.06156021e+00 5.06156022e+00
5.60747384e+00 5.29979170e+00 5.29979172e+00 5.29979173e+00
5.67192756e+00 5.52141273e+00 5.52141276e+00 5.52141278e+00
5.73638129e+00 5.68371031e+00 5.68371036e+00 5.68371038e+00
5.80083501e+00 5.75848351e+00 5.75848357e+00 5.75848360e+00
5.86528873e+00 5.74264505e+00 5.74264512e+00 5.74264515e+00
5.92974245e+00 5.66217477e+00 5.66217485e+00 5.66217489e+00
5.99419618e+00 5.56703719e+00 5.56703727e+00 5.56703731e+00
6.05864990e+00 5.51778481e+00 5.51778489e+00 5.51778492e+00
6.12310362e+00 5.56761823e+00 5.56761829e+00 5.56761833e+00
6.18755734e+00 5.74535115e+00 5.74535120e+00 5.74535123e+00
6.25201107e+00 6.04459078e+00 6.04459082e+00 6.04459085e+00
6.31646479e+00 6.42272522e+00 6.42272525e+00 6.42272528e+00
6.38091851e+00 6.81066841e+00 6.81066844e+00 6.81066847e+00
6.44537223e+00 7.13130263e+00 7.13130266e+00 7.13130269e+00
6.50982595e+00 7.32155189e+00 7.32155192e+00 7.32155196e+00
6.57427968e+00 7.35111881e+00 7.35111884e+00 7.35111889e+00
6.63873340e+00 7.23147349e+00 7.23147353e+00 7.23147357e+00
6.70318712e+00 7.01188664e+00 7.01188668e+00 7.01188673e+00
6.76764084e+00 6.76404682e+00 6.76404686e+00 6.76404689e+00
6.83209457e+00 6.56079490e+00 6.56079495e+00 6.56079498e+00
6.89654829e+00 6.45582451e+00 6.45582457e+00 6.45582459e+00
6.96100201e+00 6.46997196e+00 6.46997203e+00 6.46997204e+00
7.02545573e+00 6.58716661e+00 6.58716670e+00 6.58716670e+00
7.08990946e+00 6.76049690e+00 6.76049701e+00 6.76049701e+00
7.15436318e+00 6.92669415e+00 6.92669429e+00 6.92669427e+00
7.21881690e+00 7.02529193e+00 7.02529207e+00 7.02529206e+00
7.28327062e+00 7.01692379e+00 7.01692394e+00 7.01692392e+00
7.34772434e+00 6.89481403e+00 6.89481416e+00 6.89481416e+00
7.41217807e+00 6.68543968e+00 6.68543980e+00 6.68543980e+00
7.47663179e+00 6.43808880e+00 6.43808891e+00 6.43808892e+00
7.54108551e+00 6.20709835e+00 6.20709845e+00 6.20709847e+00
7.60553923e+00 6.03319029e+00 6.03319039e+00 6.03319041e+00
7.66999296e+00 5.93028159e+00 5.93028169e+00 5.93028172e+00
7.73444668e+00 5.88191769e+00 5.88191778e+00 5.88191781e+00
7.79890040e+00 5.84839010e+00 5.84839018e+00 5.84839021e+00
7.86335412e+00 5.78227714e+00 5.78227722e+00 5.78227725e+00
7.92780785e+00 5.64709202e+00 5.64709210e+00 5.64709212e+00
7.99226157e+00 5.43208070e+00 5.43208077e+00 5.43208079e+00
8.05671529e+00 5.15711295e+00 5.15711301e+00 5.15711302e+00
8.12116901e+00 4.86537163e+00 4.86537168e+00 4.86537169e+00
8.18562273e+00 4.60699202e+00 4.60699206e+00 4.60699207e+00
8.25007646e+00 4.42098864e+00 4.42098868e+00 4.42098868e+00
8.31453018e+00 4.32314850e+00 4.32314853e+00 4.32314853e+00
8.37898390e+00 4.30424864e+00 4.30424866e+00 4.30424866e+00
8.44343762e+00 4.33804236e+00 4.33804237e+00 4.33804237e+00
8.50789135e+00 4.39434568e+00 4.39434569e+00 4.39434569e+00
8.57234507e+00 4.45102924e+00 4.45102924e+00 4.45102924e+00
8.63679879e+00 4.50012240e+00 4.50012241e+00 4.50012241e+00
8.70125251e+00 4.54655792e+00 4.54655792e+00 4.54655792e+00
8.76570624e+00 4.60153030e+00 4.60153030e+00 4.60153030e+00
8.83015996e+00 4.67439568e+00 4.67439568e+00 4.67439568e+00
8.89461368e+00 4.76694196e+00 4.76694196e+00 4.76694196e+00
8.95906740e+00 4.87209287e+00 4.87209287e+00 4.87209287e+00
9.02352112e+00 4.97677477e+00 4.97677477e+00 4.97677477e+00
9.08797485e+00 5.06704483e+00 5.06704483e+00 5.06704483e+00
9.15242857e+00 5.13312314e+00 5.13312314e+00 5.13312314e+00
9.21688229e+00 5.17244443e+00 5.17244443e+00 5.17244443e+00
9.28133601e+00 5.18983803e+00 5.18983803e+00 5.18983803e+00
9.34578974e+00 5.19497590e+00 5.19497590e+00 5.19497590e+00
9.41024346e+00 5.19804540e+00 5.19804540e+00 5.19804540e+00
9.47469718e+00 5.20516948e+00 5.20516948e+00 5.20516948e+00
9.53915090e+00 5.21529077e+00 5.21529077e+00 5.21529077e+00
9.60360463e+00 5.21993464e+00 5.21993464e+00 5.21993464e+00
9.66805835e+00 5.20636819e+00 5.20636819e+00 5.20636819e+00
9.73251207e+00 5.16327506e+00 5.16327506e+00 5.16327506e+00
9.79696579e+00 5.08666583e+00 5.08666583e+00 5.08666584e+00
9.86141952e+00 4.98312946e+00 4.98312946e+00 4.98312946e+00
9.92587324e+00 4.86840095e+00 4.86840095e+00 4.86840095e+00
9.99032696e+00 4.76148212e+00 4.76148212e+00 4.76148212e+00
1.00547807e+01 4.67702627e+00 4.67702627e+00 4.67702627e+00
1.01192344e+01 4.61980173e+00 4.61980173e+00 4.61980173e+00
1.01836881e+01 4.58391786e+00 4.58391786e+00 4.58391786e+00
1.02481418e+01 4.55670295e+00 4.55670295e+00 4.55670295e+00
1.03125956e+01 4.52455295e+00 4.52455295e+00 4.52455295e+00
1.03770493e+01 4.47753322e+00 4.47753322e+00 4.47753322e+00
1.04415030e+01 4.41118111e+00 4.41118111e+00 4.41118111e+00
1.05059567e+01 4.32621556e+00 4.32621556e+00 4.32621556e+00
1.05704105e+01 4.22783066e+00 4.22783067e+00 4.22783067e+00
1.06348642e+01 4.12543160e+00 4.12543160e+00 4.12543160e+00
1.06993179e+01 4.03212677e+00 4.03212678e+00 4.03212678e+00
1.07637716e+01 3.96261326e+00 3.96261327e+00 3.96261327e+00
1.08282253e+01 3.92924001e+00 3.92924003e+00 3.92924003e+00
1.08926791e+01 3.93730209e+00 3.93730211e+00 3.93730212e+00
1.09571328e+01 3.98289417e+00 3.98289419e+00 3.98289420e+00
1.10215865e+01 4.05522719e+00 4.05522722e+00 4.05522722e+00
1.10860402e+01 4.14103324e+00 4.14103328e+00 4.14103328e+00
1.11504940e+01 4.22946949e+00 4.22946952e+00 4.22946953e+00
1.12149477e+01 4.31450556e+00 4.31450559e+00 4.31450559e+00
1.12794014e+01 4.39418087e+00 4.39418090e+00 4.39418090e+00
1.13438551e+01 4.46830330e+00 4.46830333e+00 4.46830333e+00
1.14083089e+01 4.53669806e+00 4.53669808e+00 4.53669809e+00
1.14727626e+01 4.59879203e+00 4.59879205e+00 4.59879205e+00
1.15372163e+01 4.65371811e+00 4.65371812e+00 4.65371812e+00
1.16016700e+01 4.69983691e+00 4.69983692e+00 4.69983692e+00
1.16661237e+01 4.73370011e+00 4.73370012e+00 4.73370012e+00
1.17305775e+01 4.74969178e+00 4.74969178e+00 4.74969178e+00
1.17950312e+01 4.74142883e+00 4.74142883e+00 4.74142884e+00
1.18594849e+01 4.70445637e+00 4.70445637e+00 4.70445637e+00
1.19239386e+01 4.63839917e+00 4.63839917e+00 4.63839917e+00
1.19883924e+01 4.54694224e+00 4.54694224e+00 4.54694225e+00
1.20528461e+01 4.43570716e+00 4.43570715e+00 4.43570716e+00
1.21172998e+01 4.30981015e+00 4.30981015e+00 4.30981015e+00
1.21817535e+01 4.17316729e+00 4.17316729e+00 4.17316729e+00
1.22462072e+01 4.02931295e+00 4.02931295e+00 4.02931295e+00
1.23106610e+01 3.88318257e+00 3.88318256e+00 3.88318257e+00
1.23751147e+01 3.74176089e+00 3.74176089e+00 3.74176089e+00
1.24395684e+01 3.61185146e+00 3.61185146e+00 3.61185146e+00
1.25040221e+01 3.49704468e+00 3.49704468e+00 3.49704468e+00
1.25684759e+01 3.39567760e+00 3.39567760e+00 3.39567760e+00
1.26329296e+01 3.30126306e+00 3.30126306e+00 3.30126306e+00
1.26973833e+01 3.20520245e+00 3.20520245e+00 3.20520245e+00
1.27618370e+01 3.10022586e+00 3.10022586e+00 3.10022586e+00
1.28262907e+01 2.98282633e+00 2.98282633e+00 2.98282633e+00
1.28907445e+01 2.85385804e+00 2.85385804e+00 2.85385804e+00
1.29551982e+01 2.71758298e+00 2.71758298e+00 2.71758298e+00
1.30196519e+01 2.58002965e+00 2.58002965e+00 2.58002965e+00
1.30841056e+01 2.44742276e+00 2.44742276e+00 2.44742276e+00
1.31485594e+01 2.32504132e+00 2.32504132e+00 2.32504132e+00
1.32130131e+01 2.21656481e+00 2.21656481e+00 2.21656481e+00
1.32774668e+01 2.12383114e+00 2.12383114e+00 2.12383114e+00
1.33419205e+01 2.04690338e+00 2.04690338e+00 2.04690338e+00
1.34063742e+01 1.98439878e+00 1.98439878e+00 1.98439878e+00
1.34708280e+01 1.93385284e+00 1.93385284e+00 1.93385284e+00
1.35352817e+01 1.89221570e+00 1.89221570e+00 1.89221570e+00
1.35997354e+01 1.85598976e+00 1.85598976e+00 1.85598976e+00
1.36641891e+01 1.82120899e+00 1.82120899e+00 1.82120899e+00
1.37286429e+01 1.78347678e+00 1.78347678e+00 1.78347678e+00
1.37930966e+01 1.73831498e+00 1.73831498e+00 1.73831498e+00
1.38575503e+01 1.68191280e+00 1.68191280e+00 1.68191280e+00
1.39220040e+01 1.61205300e+00 1.61205300e+00 1.61205300e+00
1.39864577e+01 1.52877185e+00 1.52877185e+00 1.52877185e+00
1.40509115e+01 1.43438811e+00 1.43438811e+00 1.43438811e+00
1.41153652e+01 1.33283496e+00 1.33283497e+00 1.33283496e+00
1.41798189e+01 1.22854072e+00 1.22854072e+00 1.22854072e+00
1.42442726e+01 1.12528933e+00 1.12528933e+00 1.12528933e+00
1.43087264e+01 1.02547206e+00 1.02547206e+00 1.02547206e+00
1.43731801e+01 9.29968971e-01 9.29968971e-01 9.29968971e-01
1.44376338e+01 8.38676148e-01 8.38676149e-01 8.38676148e-01
1.45020875e+01 7.51431209e-01 7.51431209e-01 7.51431209e-01
1.45665412e+01 6.68851242e-01 6.68851242e-01 6.68851242e-01
1.46309950e+01 5.92604330e-01 5.92604330e-01 5.92604330e-01
1.46954487e+01 5.24961307e-01 5.24961307e-01 5.24961307e-01
1.47599024e+01 4.67887734e-01 4.67887734e-01 4.67887734e-01
1.48243561e+01 4.22178688e-01 4.22178688e-01 4.22178688e-01
1.48888099e+01 3.87081660e-01 3.87081660e-01 3.87081660e-01
1.49532636e+01 3.60526879e-01 3.60526879e-01 3.60526879e-01
1.50177173e+01 3.39745745e-01 3.39745745e-01 3.39745745e-01
1.50821710e+01 3.21961752e-01 3.21961752e-01 3.21961752e-01
1.51466247e+01 3.04952078e-01 3.04952079e-01 3.04952079e-01
1.52110785e+01 2.87400022e-01 2.87400022e-01 2.87400022e-01
1.52755322e+01 2.69011399e-01 2.69011399e-01 2.69011399e-01
1.53399859e+01 2.50390087e-01 2.50390087e-01 2.50390087e-01
1.54044396e+01 2.32692398e-01 2.32692398e-01 2.32692398e-01
1.54688934e+01 2.17143056e-01 2.17143056e-01 2.17143056e-01
1.55333471e+01 2.04580985e-01 2.04580985e-01 2.04580985e-01
1.55978008e+01 1.95220988e-01 1.95220988e-01 1.95220988e-01
1.56622545e+01 1.88727755e-01 1.88727755e-01 1.88727755e-01
1.57267082e+01 1.84551582e-01 1.84551582e-01 1.84551582e-01
1.57911620e+01 1.82335303e-01 1.82335303e-01 1.82335304e-01
1.58556157e+01 1.82147925e-01 1.82147925e-01 1.82147926e-01
1.59200694e+01 1.84399346e-01 1.84399345e-01 1.84399346e-01
1.59845231e+01 1.89486966e-01 1.89486966e-01 1.89486966e-01
1.60489769e+01 1.97380441e-01 1.97380441e-01 1.97380442e-01
1.61134306e+01 2.07375996e-01 2.07375996e-01 2.07375996e-01
1.61778843e+01 2.18153056e-01 2.18153056e-01 2.18153056e-01
1.62423380e+01 2.28112121e-01 2.28112121e-01 2.28112122e-01
1.63067917e+01 2.35844715e-01 2.35844714e-01 2.35844715e-01
1.63712455e+01 2.40536831e-01 2.40536831e-01 2.40536831e-01
1.64356992e+01 2.42148161e-01 2.42148161e-01 2.42148162e-01
1.65001529e+01 2.41313956e-01 2.41313956e-01 2.41313956e-01
1.65646066e+01 2.39033671e-01 2.39033671e-01 2.39033671e-01
1.66290604e+01 2.36288006e-01 2.36288006e-01 2.36288006e-01
1.66935141e+01 2.33732334e-01 2.33732334e-01 2.33732334e-01
1.67579678e+01 2.31556205e-01 2.31556205e-01 2.31556205e-01
1.68224215e+01 2.29517177e-01 2.29517177e-01 2.29517177e-01
1.68868752e+01 2.27097409e-01 2.27097409e-01 2.27097409e-01
1.69513290e+01 2.23710624e-01 2.23710624e-01 2.23710624e-01
1.70157827e+01 2.18895977e-01 2.18895977e-01 2.18895977e-01
1.70802364e+01 2.12455209e-01 2.12455209e-01 2.12455209e-01
1.71446901e+01 2.04506169e-01 2.04506169e-01 2.04506169e-01
1.72091439e+01 1.95438624e-01 1.95438624e-01 1.95438625e-01
1.72735976e+01 1.85778098e-01 1.85778098e-01 1.85778098e-01
1.73380513e+01 1.75994763e-01 1.75994763e-01 1.75994763e-01
1.74025050e+01 1.66328289e-01 1.66328289e-01 1.66328289e-01
1.74669587e+01 1.56715604e-01 1.56715604e-01 1.56715604e-01
1.75314125e+01 1.46873082e-01 1.46873082e-01 1.46873082e-01
1.75958662e+01 1.36497461e-01 1.36497461e-01 1.36497461e-01
1.76603199e+01 1.25470206e-01 1.25470206e-01 1.25470206e-01
1.77247736e+01 1.13945144e-01 1.13945144e-01 1.13945144e-01
1.77892274e+01 1.02278457e-01 1.02278457e-01 1.02278457e-01
1.78536811e+01 9.08616080e-02 9.08616080e-02 9.08616080e-02
1.79181348e+01 7.99655491e-02 7.99655490e-02 7.99655491e-02
1.79825885e+01 6.96719848e-02 6.96719848e-02 6.96719848e-02
1.80470422e+01 5.98955230e-02 5.98955229e-02 5.98955230e-02
1.81114960e+01 5.04555029e-02 5.04555028e-02 5.04555029e-02
1.81759497e+01 4.11617724e-02 4.11617723e-02 4.11617724e-02
1.82404034e+01 3.19144729e-02 3.19144728e-02 3.19144728e-02
1.83048571e+01 2.28498133e-02 2.28498132e-02 2.28498132e-02
1.83693109e+01 1.45081059e-02 1.45081058e-02 1.45081058e-02
1.84337646e+01 7.77474715e-03 7.77474709e-03 7.77474711e-03
1.84982183e+01 3.33830776e-03 3.33830772e-03 3.33830773e-03
1.85626720e+01 1.09418856e-03 1.09418854e-03 1.09418854e-03
1.86271258e+01 2.62477891e-04 2.62477886e-04 2.62477887e-04
1.86915795e+01 4.44290619e-05 4.44290609e-05 4.44290612e-05
1.87560332e+01 5.09076407e-06 5.09076394e-06 5.09076397e-06
1.88204869e+01 3.40967441e-07 3.40967430e-07 3.40967433e-07
1.88849406e+01 0.00000000e+00 0.00000000e+00 0.00000000e+00
1.89493944e+01 0.00000000e+00 0.00000000e+00 0.00000000e+00
1.90138481e+01 0.00000000e+00 0.00000000e+00 0.00000000e+00
1.90783018e+01 0.00000000e+00 0.00000000e+00 0.00000000e+00
1.91427555e+01 0.00000000e+00 0.00000000e+00 0.00000000e+00
1.92072093e+01 0.00000000e+00 0.00000000e+00 0.00000000e+00
1.92716630e+01 0.00000000e+00 0.00000000e+00 0.00000000e+00
1.93361167e+01 0.00000000e+00 0.00000000e+00 0.00000000e+00
1.94005704e+01 0.00000000e+00 0.00000000e+00 0.00000000e+00
1.94650241e+01 0.00000000e+00 0.00000000e+00 0.00000000e+00
1.95294779e+01 0.00000000e+00 0.00000000e+00 0.00000000e+00
1.95939316e+01 0.00000000e+00 0.00000000e+00 0.00000000e+00
1.96583853e+01 0.00000000e+00 0.00000000e+00 0.00000000e+00
1.97228390e+01 0.00000000e+00 0.00000000e+00 0.00000000e+00
1.97872928e+01 0.00000000e+00 0.00000000e+00 0.00000000e+00
1.98517465e+01 0.00000000e+00 0.00000000e+00 0.00000000e+00
1.99162002e+01 0.00000000e+00 0.00000000e+00 0.00000000e+00
1.99806539e+01 0.00000000e+00 0.00000000e+00 0.00000000e+00
2.00451076e+01 0.00000000e+00 0.00000000e+00 0.00000000e+00
2.01095614e+01 0.00000000e+00 0.00000000e+00 0.00000000e+00
2.01740151e+01 0.00000000e+00 0.00000000e+00 0.00000000e+00
2.02384688e+01 0.00000000e+00 0.00000000e+00 0.00000000e+00
2.03029225e+01 0.00000000e+00 0.00000000e+00 0.00000000e+00
2.03673763e+01 0.00000000e+00 0.00000000e+00 0.00000000e+00
2.04318300e+01 0.00000000e+00 0.00000000e+00 0.00000000e+00
2.04962837e+01 0.00000000e+00 0.00000000e+00 0.00000000e+00
2.05607374e+01 0.00000000e+00 0.00000000e+00 0.00000000e+00
2.06251911e+01 0.00000000e+00 0.00000000e+00 0.00000000e+00
2.06896449e+01 0.00000000e+00 0.00000000e+00 0.00000000e+00
2.07540986e+01 0.00000000e+00 0.00000000e+00 0.00000000e+00
2.08185523e+01 0.00000000e+00 0.00000000e+00 0.00000000e+00
2.08830060e+01 0.00000000e+00 0.00000000e+00 0.00000000e+00
2.09474598e+01 0.00000000e+00 0.00000000e+00 0.00000000e+00
2.10119135e+01 0.00000000e+00 0.00000000e+00 0.00000000e+00
2.10763672e+01 0.00000000e+00 0.00000000e+00 0.00000000e+00
2.11408209e+01 0.00000000e+00 0.00000000e+00 0.00000000e+00
2.12052746e+01 0.00000000e+00 0.00000000e+00 0.00000000e+00
2.12697284e+01 0.00000000e+00 0.00000000e+00 0.00000000e+00
2.13341821e+01 0.00000000e+00 0.00000000e+00 0.00000000e+00
2.13986358e+01 0.00000000e+00 0.00000000e+00 0.00000000e+00
2.14630895e+01 0.00000000e+00 0.00000000e+00 0.00000000e+00
2.15275433e+01 0.00000000e+00 0.00000000e+00 0.00000000e+00
2.15919970e+01 0.00000000e+00 0.00000000e+00 0.00000000e+00
2.16564507e+01 0.00000000e+00 0.00000000e+00 0.00000000e+00
2.17209044e+01 0.00000000e+00 0.00000000e+00 0.00000000e+00
2.17853581e+01 0.00000000e+00 0.00000000e+00 0.00000000e+00
2.18498119e+01 0.00000000e+00 0.00000000e+00 0.00000000e+00
2.19142656e+01 0.00000000e+00 0.00000000e+00 0.00000000e+00
2.19787193e+01 0.00000000e+00 0.00000000e+00 0.00000000e+00
2.20431730e+01 0.00000000e+00 0.00000000e+00 0.00000000e+00
2.21076268e+01 0.00000000e+00 0.00000000e+00 0.00000000e+00
2.21720805e+01 0.00000000e+00 0.00000000e+00 0.00000000e+00
2.22365342e+01 0.00000000e+00 0.00000000e+00 0.00000000e+00
2.23009879e+01 0.00000000e+00 0.00000000e+00 0.00000000e+00
2.23654416e+01 0.00000000e+00 0.00000000e+00 0.00000000e+00
2.24298954e+01 0.00000000e+00 0.00000000e+00 0.00000000e+00
2.24943491e+01 0.00000000e+00 0.00000000e+00 0.00000000e+00
2.25588028e+01 0.00000000e+00 0.00000000e+00 0.00000000e+00
2.26232565e+01 0.00000000e+00 0.00000000e+00 0.00000000e+00
2.26877103e+01 0.00000000e+00 0.00000000e+00 0.00000000e+00
2.27521640e+01 0.00000000e+00 0.00000000e+00 0.00000000e+00
2.28166177e+01 0.00000000e+00 0.00000000e+00 0.00000000e+00
2.28810714e+01 0.00000000e+00 0.00000000e+00 0.00000000e+00
2.29455251e+01 0.00000000e+00 0.00000000e+00 0.00000000e+00
2.30099789e+01 0.00000000e+00 0.00000000e+00 0.00000000e+00
2.30744326e+01 0.00000000e+00 0.00000000e+00 0.00000000e+00
2.31388863e+01 0.00000000e+00 0.00000000e+00 0.00000000e+00
2.32033400e+01 0.00000000e+00 0.00000000e+00 0.00000000e+00
2.32677938e+01 0.00000000e+00 0.00000000e+00 0.00000000e+00
2.33322475e+01 0.00000000e+00 0.00000000e+00 0.00000000e+00
2.33967012e+01 0.00000000e+00 0.00000000e+00 0.00000000e+00
2.34611549e+01 0.00000000e+00 0.00000000e+00 0.00000000e+00
2.35256086e+01 0.00000000e+00 0.00000000e+00 0.00000000e+00
2.35900624e+01 0.00000000e+00 0.00000000e+00 0.00000000e+00
2.36545161e+01 0.00000000e+00 0.00000000e+00 0.00000000e+00
2.37189698e+01 0.00000000e+00 0.00000000e+00 0.00000000e+00
2.37834235e+01 0.00000000e+00 0.00000000e+00 0.00000000e+00
2.38478773e+01 0.00000000e+00 0.00000000e+00 0.00000000e+00
2.39123310e+01 0.00000000e+00 0.00000000e+00 0.00000000e+00
2.39767847e+01 0.00000000e+00 0.00000000e+00 0.00000000e+00
2.40412384e+01 0.00000000e+00 0.00000000e+00 0.00000000e+00
2.41056921e+01 0.00000000e+00 0.00000000e+00 0.00000000e+00
2.41701459e+01 0.00000000e+00 0.00000000e+00 0.00000000e+00
2.42345996e+01 0.00000000e+00 0.00000000e+00 0.00000000e+00
2.42990533e+01 0.00000000e+00 0.00000000e+00 0.00000000e+00
2.43635070e+01 0.00000000e+00 0.00000000e+00 0.00000000e+00
2.44279608e+01 0.00000000e+00 0.00000000e+00 0.00000000e+00
2.44924145e+01 0.00000000e+00 0.00000000e+00 0.00000000e+00
2.45568682e+01 0.00000000e+00 0.00000000e+00 0.00000000e+00
2.46213219e+01 0.00000000e+00 0.00000000e+00 0.00000000e+00
2.46857756e+01 0.00000000e+00 0.00000000e+00 0.00000000e+00
2.47502294e+01 0.00000000e+00 0.00000000e+00 0.00000000e+00
2.48146831e+01 0.00000000e+00 0.00000000e+00 0.00000000e+00
2.48791368e+01 0.00000000e+00 0.00000000e+00 0.00000000e+00
2.49435905e+01 0.00000000e+00 0.00000000e+00 0.00000000e+00
2.50080443e+01 0.00000000e+00 0.00000000e+00 0.00000000e+00
2.50724980e+01 0.00000000e+00 0.00000000e+00 0.00000000e+00
2.51369517e+01 0.00000000e+00 0.00000000e+00 0.00000000e+00
2.52014054e+01 0.00000000e+00 0.00000000e+00 0.00000000e+00
2.52658591e+01 0.00000000e+00 0.00000000e+00 0.00000000e+00
2.53303129e+01 0.00000000e+00 0.00000000e+00 0.00000000e+00
2.53947666e+01 0.00000000e+00 0.00000000e+00 0.00000000e+00
2.54592203e+01 0.00000000e+00 0.00000000e+00 0.00000000e+00
2.55236740e+01 0.00000000e+00 0.00000000e+00 0.00000000e+00
2.55881278e+01 0.00000000e+00 0.00000000e+00 0.00000000e+00
2.56525815e+01 0.00000000e+00 0.00000000e+00 0.00000000e+00
2.57170352e+01 0.00000000e+00 0.00000000e+00 0.00000000e+00
