Distance (Angstrom) Frequency (THz) Inverse PR
0.000000 0.001882 0.679166
0.000000 0.001882 0.679166
0.000000 0.001882 0.679166
0.000000 6.028763 0.679166
0.000000 6.028763 0.679166
0.000000 6.028763 0.679166
0.003601 0.073112 0.679016
0.003601 0.073112 0.679016
0.003601 0.168894 0.678480
0.003601 6.029787 0.679016
0.003601 6.029787 0.679016
0.003601 6.037041 0.678480
0.007202 0.146049 0.678568
0.007202 0.146049 0.678568
0.007202 0.337156 0.676451
0.007202 6.032849 0.678568
0.007202 6.032849 0.678568
0.007202 6.061703 0.676451
0.010802 0.218718 0.677828
0.010802 0.218718 0.677828
0.010802 0.504210 0.673157
0.010802 6.037921 0.677828
0.010802 6.037921 0.677828
0.010802 6.102241 0.673157
0.014403 0.290977 0.676804
0.014403 0.290977 0.676804
0.014403 0.669490 0.668725
0.014403 6.044955 0.676804
0.014403 6.044955 0.676804
0.014403 6.157834 0.668725
0.018004 0.362693 0.675508
0.018004 0.362693 0.675508
0.018004 0.832482 0.663313
0.018004 6.053887 0.675508
0.018004 6.053887 0.675508
0.018004 6.227375 0.663313
0.021605 0.433739 0.673955
0.021605 0.433739 0.673955
0.021605 0.992729 0.657099
0.021605 6.064635 0.673955
0.021605 6.064635 0.673955
0.021605 6.309518 0.657099
0.025206 0.503992 0.672163
0.025206 0.503992 0.672163
0.025206 1.149832 0.650269
0.025206 6.077101 0.672163
0.025206 6.077101 0.672163
0.025206 6.402725 0.650269
0.028806 0.573338 0.670151
0.028806 0.573338 0.670151
0.028806 1.303450 0.643002
0.028806 6.091171 0.670151
0.028806 6.091171 0.670151
0.028806 6.505315 0.643002
0.032407 0.641668 0.667940
0.032407 0.641668 0.667940
0.032407 1.453293 0.635459
0.032407 6.106722 0.667940
0.032407 6.106722 0.667940
0.032407 6.615515 0.635459
0.036008 0.708880 0.665554
0.036008 0.708880 0.665554
0.036008 1.599118 0.627782
0.036008 6.123615 0.665554
0.036008 6.123615 0.665554
0.036008 6.731508 0.627782
0.039609 0.774883 0.663015
0.039609 0.774883 0.663015
0.039609 1.740716 0.620086
0.039609 6.141704 0.663015
0.039609 6.141704 0.663015
0.039609 6.851475 0.620086
0.043210 0.839590 0.660348
0.043210 0.839590 0.660348
0.043210 1.877905 0.612460
0.043210 6.160834 0.660348
0.043210 6.160834 0.660348
0.043210 6.973634 0.612460
0.046810 0.902925 0.657576
0.046810 0.902925 0.657576
0.046810 2.010523 0.604971
0.046810 6.180847 0.657576
0.046810 6.180847 0.657576
0.046810 7.096268 0.604971
0.050411 0.964819 0.654723
0.050411 0.964819 0.654723
0.050411 2.138416 0.597662
0.050411 6.201578 0.654723
0.050411 6.201578 0.654723
0.050411 7.217752 0.597662
0.054012 1.025211 0.651811
0.054012 1.025211 0.651811
0.054012 2.261439 0.590560
0.054012 6.222862 0.651811
0.054012 6.222862 0.651811
0.054012 7.336568 0.590560
0.057613 1.084048 0.648861
0.057613 1.084048 0.648861
0.057613 2.379443 0.583679
0.057613 6.244533 0.648861
0.057613 6.244533 0.648861
0.057613 7.451325 0.583679
0.061214 1.141284 0.645894
0.061214 1.141284 0.645894
0.061214 2.492280 0.577024
0.061214 6.266431 0.645894
0.061214 6.266431 0.645894
0.061214 7.560765 0.577024
0.064815 1.196878 0.642929
0.064815 1.196878 0.642929
0.064815 2.599797 0.570591
0.064815 6.288395 0.642929
0.064815 6.288395 0.642929
0.064815 7.663769 0.570591
0.068415 1.250800 0.639982
0.068415 1.250800 0.639982
0.068415 2.701831 0.564374
0.068415 6.310273 0.639982
0.068415 6.310273 0.639982
0.068415 7.759365 0.564374
0.072016 1.303020 0.637070
0.072016 1.303020 0.637070
0.072016 2.798215 0.558365
0.072016 6.331921 0.637070
0.072016 6.331921 0.637070
0.072016 7.846729 0.558365
0.075617 1.353519 0.634206
0.075617 1.353519 0.634206
0.075617 2.888772 0.552559
0.075617 6.353202 0.634206
0.075617 6.353202 0.634206
0.075617 7.925185 0.552559
0.079218 1.402278 0.631401
0.079218 1.402278 0.631401
0.079218 2.973320 0.546951
0.079218 6.373990 0.631401
0.079218 6.373990 0.631401
0.079218 7.994207 0.546951
0.082819 1.449284 0.628667
0.082819 1.449284 0.628667
0.082819 3.051666 0.541541
0.082819 6.394172 0.628667
0.082819 6.394172 0.628667
0.082819 8.053417 0.541541
0.086419 1.494530 0.626013
0.086419 1.494530 0.626013
0.086419 3.123614 0.536332
0.086419 6.413644 0.626013
0.086419 6.413644 0.626013
0.086419 8.102587 0.536332
0.090020 1.538010 0.623446
0.090020 1.538010 0.623446
0.090020 3.188961 0.531337
0.090020 6.432317 0.623446
0.090020 6.432317 0.623446
0.090020 8.141632 0.531337
0.093621 1.579720 0.620971
0.093621 1.579720 0.620971
0.093621 3.247501 0.526571
0.093621 6.450115 0.620971
0.093621 6.450115 0.620971
0.093621 8.170615 0.526571
0.097222 1.619659 0.618595
0.097222 1.619659 0.618595
0.097222 3.299029 0.522060
0.097222 6.466977 0.618595
0.097222 6.466977 0.618595
0.097222 8.189737 0.522060
0.100823 1.657831 0.616320
0.100823 1.657831 0.616320
0.100823 3.343345 0.517835
0.100823 6.482852 0.616320
0.100823 6.482852 0.616320
0.100823 8.199338 0.517835
0.104424 1.694237 0.614150
0.104424 1.694237 0.614150
0.104424 3.380257 0.513935
0.104424 6.497706 0.614150
0.104424 6.497706 0.614150
0.104424 8.199886 0.513935
0.108024 1.728883 0.612087
0.108024 1.728883 0.612087
0.108024 3.409592 0.510407
0.108024 6.511517 0.612087
0.108024 6.511517 0.612087
0.108024 8.191977 0.510407
0.111625 1.761773 0.610132
0.111625 1.761773 0.610132
0.111625 3.431207 0.507302
0.111625 6.524276 0.610132
0.111625 6.524276 0.610132
0.111625 8.176320 0.507302
0.115226 1.792916 0.608285
0.115226 1.792916 0.608285
0.115226 3.444999 0.504676
0.115226 6.535986 0.608285
0.115226 6.535986 0.608285
0.115226 8.153727 0.504676
0.118827 1.822317 0.606546
0.118827 1.822317 0.606546
0.118827 3.450923 0.502584
0.118827 6.546661 0.606546
0.118827 6.546661 0.606546
0.118827 8.125099 0.502584
0.122427 1.849984 0.604916
0.122427 1.849984 0.604916
0.122427 3.449011 0.501081
0.122427 6.556326 0.604916
0.122427 6.556326 0.604916
0.122427 8.091406 0.501081
0.126028 1.875926 0.603393
0.126028 1.875926 0.603393
0.126028 3.439396 0.500213
0.126028 6.565013 0.603393
0.126028 6.565013 0.603393
0.126028 8.053672 0.500213
0.129629 1.900149 0.601977
0.129629 1.900149 0.601977
0.129629 3.422332 0.500015
0.129629 6.572765 0.601977
0.129629 6.572765 0.601977
0.129629 8.012945 0.500015
0.133230 1.922662 0.600667
0.133230 1.922662 0.600667
0.133230 3.398225 0.500502
0.133230 6.579629 0.600667
0.133230 6.579629 0.600667
0.133230 7.970279 0.500502
0.136831 1.943473 0.599461
0.136831 1.943473 0.599461
0.136831 3.367652 0.501669
0.136831 6.585659 0.599461
0.136831 6.585659 0.599461
0.136831 7.926705 0.501669
0.140432 1.962588 0.598357
0.140432 1.962588 0.598357
0.140432 3.331387 0.503481
0.140432 6.590911 0.598357
0.140432 6.590911 0.598357
0.140432 7.883209 0.503481
0.144032 1.980015 0.597356
0.144032 1.980015 0.597356
0.144032 3.290410 0.505872
0.144032 6.595444 0.597356
0.144032 6.595444 0.597356
0.144032 7.840711 0.505872
0.147633 1.995761 0.596454
0.147633 1.995761 0.596454
0.147633 3.245918 0.508746
0.147633 6.599319 0.596454
0.147633 6.599319 0.596454
0.147633 7.800046 0.508746
0.151234 2.009832 0.595652
0.151234 2.009832 0.595652
0.151234 3.199314 0.511976
0.151234 6.602596 0.595652
0.151234 6.602596 0.595652
0.151234 7.761951 0.511976
0.154835 2.022233 0.594947
0.154835 2.022233 0.594947
0.154835 3.152182 0.515410
0.154835 6.605331 0.594947
0.154835 6.605331 0.594947
0.154835 7.727062 0.515410
0.158436 2.032970 0.594338
0.158436 2.032970 0.594338
0.158436 3.106244 0.518879
0.158436 6.607580 0.594338
0.158436 6.607580 0.594338
0.158436 7.695909 0.518879
0.162036 2.042048 0.593825
0.162036 2.042048 0.593825
0.162036 3.063294 0.522206
0.162036 6.609391 0.593825
0.162036 6.609391 0.593825
0.162036 7.668922 0.522206
0.165637 2.049469 0.593406
0.165637 2.049469 0.593406
0.165637 3.025119 0.525216
0.165637 6.610809 0.593406
0.165637 6.610809 0.593406
0.165637 7.646439 0.525216
0.169238 2.055238 0.593082
0.169238 2.055238 0.593082
0.169238 2.993395 0.527746
0.169238 6.611871 0.593082
0.169238 6.611871 0.593082
0.169238 7.628714 0.527746
0.172839 2.059357 0.592850
0.172839 2.059357 0.592850
0.172839 2.969580 0.529660
0.172839 6.612608 0.592850
0.172839 6.612608 0.592850
0.172839 7.615932 0.529660
0.176440 2.061827 0.592712
0.176440 2.061827 0.592712
0.176440 2.954808 0.530853
0.176440 6.613041 0.592712
0.176440 6.613041 0.592712
0.176440 7.608217 0.530853
0.180040 2.062651 0.592665
0.180040 2.062651 0.592665
0.180040 2.949802 0.531258
0.180040 6.613184 0.592665
0.180040 6.613184 0.592665
0.180040 7.605637 0.531258
0.180040 2.062651 0.592665
0.180040 2.062651 0.592665
0.180040 2.949802 0.531258
0.180040 6.613184 0.592665
0.180040 6.613184 0.592665
0.180040 7.605637 0.531258
0.181314 2.062770 0.592643
0.181314 2.063418 0.592613
0.181314 2.949733 0.531261
0.181314 6.613267 0.592643
0.181314 6.613581 0.592613
0.181314 7.605584 0.531261
0.182587 2.063128 0.592577
0.182587 2.065718 0.592455
0.182587 2.949527 0.531271
0.182587 6.613514 0.592577
0.182587 6.614770 0.592455
0.182587 7.605424 0.531271
0.183860 2.063724 0.592466
0.183860 2.069540 0.592194
0.183860 2.949183 0.531288
0.183860 6.613925 0.592466
0.183860 6.616750 0.592194
0.183860 7.605157 0.531288
0.185133 2.064557 0.592312
0.185133 2.074870 0.591828
0.185133 2.948701 0.531312
0.185133 6.614499 0.592312
0.185133 6.619519 0.591828
0.185133 7.604784 0.531312
0.186406 2.065627 0.592114
0.186406 2.081686 0.591360
0.186406 2.948082 0.531343
0.186406 6.615233 0.592114
0.186406 6.623072 0.591360
0.186406 7.604303 0.531343
0.187679 2.066932 0.591872
0.187679 2.089963 0.590792
0.187679 2.947325 0.531381
0.187679 6.616125 0.591872
0.187679 6.627404 0.590792
0.187679 7.603715 0.531381
0.188952 2.068471 0.591588
0.188952 2.099669 0.590124
0.188952 2.946429 0.531425
0.188952 6.617171 0.591588
0.188952 6.632510 0.590124
0.188952 7.603018 0.531425
0.190225 2.070243 0.591260
0.190225 2.110768 0.589360
0.190225 2.945396 0.531477
0.190225 6.618368 0.591260
0.190225 6.638383 0.589360
0.190225 7.602214 0.531477
0.191498 2.072244 0.590890
0.191498 2.123218 0.588501
0.191498 2.944225 0.531535
0.191498 6.619712 0.590890
0.191498 6.645014 0.588501
0.191498 7.601301 0.531535
0.192771 2.074474 0.590479
0.192771 2.136974 0.587550
0.192771 2.942915 0.531600
0.192771 6.621198 0.590479
0.192771 6.652394 0.587550
0.192771 7.600278 0.531600
0.194044 2.076929 0.590026
0.194044 2.151990 0.586510
0.194044 2.941466 0.531673
0.194044 6.622820 0.590026
0.194044 6.660513 0.586510
0.194044 7.599145 0.531673
0.195317 2.079608 0.589533
0.195317 2.168212 0.585385
0.195317 2.939879 0.531752
0.195317 6.624573 0.589533
0.195317 6.669361 0.585385
0.195317 7.597902 0.531752
0.196591 2.082507 0.588999
0.196591 2.185588 0.584178
0.196591 2.938153 0.531838
0.196591 6.626451 0.588999
0.196591 6.678925 0.584178
0.196591 7.596547 0.531838
0.197864 2.085624 0.588427
0.197864 2.204061 0.582892
0.197864 2.936287 0.531932
0.197864 6.628446 0.588427
0.197864 6.689192 0.582892
0.197864 7.595080 0.531932
0.199137 2.088956 0.587815
0.199137 2.223574 0.581531
0.199137 2.934282 0.532032
0.199137 6.630552 0.587815
0.199137 6.700148 0.581531
0.199137 7.593500 0.532032
0.200410 2.092499 0.587166
0.200410 2.244068 0.580100
0.200410 2.932138 0.532140
0.200410 6.632762 0.587166
0.200410 6.711779 0.580100
0.200410 7.591805 0.532140
0.201683 2.096251 0.586480
0.201683 2.265483 0.578602
0.201683 2.929853 0.532254
0.201683 6.635067 0.586480
0.201683 6.724068 0.578602
0.201683 7.589996 0.532254
0.202956 2.100208 0.585757
0.202956 2.287760 0.577042
0.202956 2.927427 0.532377
0.202956 6.637460 0.585757
0.202956 6.737000 0.577042
0.202956 7.588070 0.532377
0.204229 2.104367 0.584999
0.204229 2.310839 0.575425
0.204229 2.924861 0.532506
0.204229 6.639932 0.584999
0.204229 6.750557 0.575425
0.204229 7.586028 0.532506
0.205502 2.108724 0.584207
0.205502 2.334659 0.573754
0.205502 2.922154 0.532642
0.205502 6.642474 0.584207
0.205502 6.764722 0.573754
0.205502 7.583867 0.532642
0.206775 2.113276 0.583380
0.206775 2.359163 0.572034
0.206775 2.919306 0.532786
0.206775 6.645078 0.583380
0.206775 6.779475 0.572034
0.206775 7.581587 0.532786
0.208048 2.118019 0.582521
0.208048 2.384291 0.570270
0.208048 2.916316 0.532938
0.208048 6.647734 0.582521
0.208048 6.794798 0.570270
0.208048 7.579186 0.532938
0.209321 2.122950 0.581630
0.209321 2.409986 0.568466
0.209321 2.913183 0.533097
0.209321 6.650433 0.581630
0.209321 6.810671 0.568466
0.209321 7.576664 0.533097
0.210594 2.128066 0.580707
0.210594 2.436193 0.566627
0.210594 2.909908 0.533263
0.210594 6.653166 0.580707
0.210594 6.827073 0.566627
0.210594 7.574018 0.533263
0.211867 2.133362 0.579754
0.211867 2.462856 0.564758
0.211867 2.906490 0.533437
0.211867 6.655924 0.579754
0.211867 6.843983 0.564758
0.211867 7.571249 0.533437
0.213141 2.138836 0.578772
0.213141 2.489922 0.562863
0.213141 2.902928 0.533619
0.213141 6.658695 0.578772
0.213141 6.861379 0.562863
0.213141 7.568353 0.533619
0.214414 2.144483 0.577761
0.214414 2.517340 0.560947
0.214414 2.899223 0.533809
0.214414 6.661472 0.577761
0.214414 6.879241 0.560947
0.214414 7.565332 0.533809
0.215687 2.150301 0.576723
0.215687 2.545060 0.559014
0.215687 2.895373 0.534006
0.215687 6.664245 0.576723
0.215687 6.897546 0.559014
0.215687 7.562182 0.534006
0.216960 2.156286 0.575657
0.216960 2.573033 0.557067
0.216960 2.891378 0.534211
0.216960 6.667004 0.575657
0.216960 6.916270 0.557067
0.216960 7.558902 0.534211
0.218233 2.162434 0.574566
0.218233 2.601213 0.555113
0.218233 2.887238 0.534425
0.218233 6.669739 0.574566
0.218233 6.935392 0.555113
0.218233 7.555492 0.534425
0.219506 2.168742 0.573450
0.219506 2.629556 0.553154
0.219506 2.882952 0.534646
0.219506 6.672443 0.573450
0.219506 6.954888 0.553154
0.219506 7.551950 0.534646
0.220779 2.175206 0.572309
0.220779 2.658018 0.551194
0.220779 2.878520 0.534875
0.220779 6.675104 0.572309
0.220779 6.974736 0.551194
0.220779 7.548274 0.534875
0.222052 2.181824 0.571144
0.222052 2.686558 0.549239
0.222052 2.873941 0.535113
0.222052 6.677715 0.571144
0.222052 6.994910 0.549239
0.222052 7.544464 0.535113
0.223325 2.188591 0.569957
0.223325 2.715136 0.547290
0.223325 2.869215 0.535359
0.223325 6.680267 0.569957
0.223325 7.015389 0.547290
0.223325 7.540518 0.535359
0.224598 2.195505 0.568748
0.224598 2.743715 0.545352
0.224598 2.864341 0.535613
0.224598 6.682752 0.568748
0.224598 7.036149 0.545352
0.224598 7.536434 0.535613
0.225871 2.202562 0.567518
0.225871 2.772259 0.543428
0.225871 2.859319 0.535876
0.225871 6.685161 0.567518
0.225871 7.057165 0.543428
0.225871 7.532212 0.535876
0.227144 2.209758 0.566267
0.227144 2.800733 0.541521
0.227144 2.854148 0.536147
0.227144 6.687486 0.566267
0.227144 7.078416 0.541521
0.227144 7.527850 0.536147
0.228417 2.217090 0.564997
0.228417 2.829104 0.539635
0.228417 2.848828 0.536427
0.228417 6.689721 0.564997
0.228417 7.099876 0.539635
0.228417 7.523347 0.536427
0.229690 2.224555 0.563707
0.229690 2.843357 0.536716
0.229690 2.857340 0.537773
0.229690 6.691859 0.563707
0.229690 7.121523 0.537773
0.229690 7.518702 0.536716
0.230964 2.232148 0.562400
0.230964 2.837736 0.537014
0.230964 2.885413 0.535936
0.230964 6.693892 0.562400
0.230964 7.143335 0.535936
0.230964 7.513914 0.537014
0.232237 2.239867 0.561075
0.232237 2.831965 0.537320
0.232237 2.913292 0.534128
0.232237 6.695814 0.561075
0.232237 7.165287 0.534128
0.232237 7.508980 0.537320
0.233510 2.247706 0.559734
0.233510 2.826041 0.537636
0.233510 2.940952 0.532352
0.233510 6.697621 0.559734
0.233510 7.187358 0.532352
0.233510 7.503901 0.537636
0.234783 2.255663 0.558377
0.234783 2.819966 0.537961
0.234783 2.968365 0.530609
0.234783 6.699306 0.558377
0.234783 7.209525 0.530609
0.234783 7.498676 0.537961
0.236056 2.263733 0.557004
0.236056 2.813737 0.538295
0.236056 2.995507 0.528902
0.236056 6.700866 0.557004
0.236056 7.231767 0.528902
0.236056 7.493303 0.538295
0.237329 2.271911 0.555617
0.237329 2.807356 0.538639
0.237329 3.022355 0.527232
0.237329 6.702296 0.555617
0.237329 7.254061 0.527232
0.237329 7.487781 0.538639
0.238602 2.280192 0.554217
0.238602 2.800821 0.538992
0.238602 3.048886 0.525602
0.238602 6.703592 0.554217
0.238602 7.276386 0.525602
0.238602 7.482109 0.538992
0.239875 2.288573 0.552804
0.239875 2.794131 0.539355
0.239875 3.075078 0.524014
0.239875 6.704752 0.552804
0.239875 7.298722 0.524014
0.239875 7.476288 0.539355
0.241148 2.297048 0.551379
0.241148 2.787286 0.539727
0.241148 3.100912 0.522468
0.241148 6.705774 0.551379
0.241148 7.321048 0.522468
0.241148 7.470315 0.539727
0.242421 2.305610 0.549943
0.242421 2.780287 0.540110
0.242421 3.126367 0.520966
0.242421 6.706654 0.549943
0.242421 7.343344 0.520966
0.242421 7.464190 0.540110
0.243694 2.314255 0.548497
0.243694 2.773131 0.540502
0.243694 3.151424 0.519511
0.243694 6.707394 0.548497
0.243694 7.365591 0.519511
0.243694 7.457912 0.540502
0.243694 2.314255 0.548497
0.243694 2.773131 0.540502
0.243694 3.151424 0.519511
0.243694 6.707394 0.548497
0.243694 7.365591 0.519511
0.243694 7.457912 0.540502
0.247514 2.340622 0.544106
0.247514 2.750722 0.541740
0.247514 3.224040 0.515429
0.247514 6.708759 0.544106
0.247514 7.431846 0.515429
0.247514 7.438160 0.541740
0.251333 2.367484 0.539661
0.251333 2.726890 0.543072
0.251333 3.292482 0.511797
0.251333 6.708869 0.539661
0.251333 7.417018 0.543072
0.251333 7.497002 0.511797
0.255152 2.394617 0.535192
0.255152 2.701622 0.544502
0.255152 3.356360 0.508634
0.255152 6.707795 0.535192
0.255152 7.394482 0.544502
0.255152 7.560613 0.508634
0.258971 2.421755 0.530740
0.258971 2.674904 0.546033
0.258971 3.415330 0.505955
0.258971 6.705656 0.530740
0.258971 7.370554 0.546033
0.258971 7.622272 0.505955
0.262791 2.448589 0.526348
0.262791 2.646723 0.547669
0.262791 3.469084 0.503769
0.262791 6.702619 0.526348
0.262791 7.345244 0.547669
0.262791 7.681614 0.503769
0.266610 2.474764 0.522068
0.266610 2.617070 0.549412
0.266610 3.517345 0.502081
0.266610 6.698892 0.522068
0.266610 7.318568 0.549412
0.266610 7.738309 0.502081
0.270429 2.499881 0.517962
0.270429 2.585933 0.551267
0.270429 3.559869 0.500892
0.270429 6.694713 0.517962
0.270429 7.290552 0.551267
0.270429 7.792056 0.500892
0.274248 2.523506 0.514096
0.274248 2.553303 0.553236
0.274248 3.596436 0.500201
0.274248 6.690347 0.514096
0.274248 7.261229 0.553236
0.274248 7.842581 0.500201
0.278068 2.519174 0.555323
0.278068 2.545167 0.510543
0.278068 3.626853 0.500002
0.278068 6.686069 0.510543
0.278068 7.230641 0.555323
0.278068 7.889628 0.500002
0.281887 2.483538 0.557531
0.281887 2.564376 0.507381
0.281887 3.650953 0.500288
0.281887 6.682152 0.507381
0.281887 7.198836 0.557531
0.281887 7.932956 0.500288
0.285706 2.446392 0.559862
0.285706 2.580630 0.504688
0.285706 3.668593 0.501047
0.285706 6.678855 0.504688
0.285706 7.165873 0.559862
0.285706 7.972330 0.501047
0.289525 2.407732 0.562317
0.289525 2.593432 0.502541
0.289525 3.679658 0.502265
0.289525 6.676406 0.502541
0.289525 7.131816 0.562317
0.289525 8.007518 0.502265
0.293345 2.367558 0.564900
0.293345 2.602307 0.501012
0.293345 3.684060 0.503926
0.293345 6.674985 0.501012
0.293345 7.096737 0.564900
0.293345 8.038284 0.503926
0.297164 2.325870 0.567610
0.297164 2.606812 0.500163
0.297164 3.681737 0.506009
0.297164 6.674714 0.500163
0.297164 7.060716 0.567610
0.297164 8.064387 0.506009
0.300983 2.282671 0.570449
0.300983 2.606554 0.500044
0.300983 3.672654 0.508493
0.300983 6.675642 0.500044
0.300983 7.023837 0.570449
0.300983 8.085577 0.508493
0.304802 2.237966 0.573416
0.304802 2.601203 0.500687
0.304802 3.656805 0.511351
0.304802 6.677736 0.500687
0.304802 6.986193 0.573416
0.304802 8.101598 0.511351
0.308621 2.191762 0.576510
0.308621 2.590501 0.502108
0.308621 3.634210 0.514559
0.308621 6.680878 0.502108
0.308621 6.947879 0.576510
0.308621 8.112183 0.514559
0.312441 2.144067 0.579729
0.312441 2.574268 0.504304
0.312441 3.604914 0.518089
0.312441 6.684863 0.504304
0.312441 6.908998 0.579729
0.312441 8.117064 0.518089
0.316260 2.094893 0.583071
0.316260 2.552404 0.507252
0.316260 3.568985 0.521912
0.316260 6.689402 0.507252
0.316260 6.869654 0.583071
0.316260 8.115968 0.521912
0.320079 2.044253 0.586531
0.320079 2.524887 0.510914
0.320079 3.526516 0.526000
0.320079 6.694135 0.510914
0.320079 6.829958 0.586531
0.320079 8.108630 0.526000
0.323898 1.992163 0.590104
0.323898 2.491765 0.515235
0.323898 3.477616 0.530328
0.323898 6.698639 0.515235
0.323898 6.790022 0.590104
0.323898 8.094794 0.530328
0.327718 1.938639 0.593784
0.327718 2.453154 0.520154
0.327718 3.422414 0.534868
0.327718 6.702447 0.520154
0.327718 6.749962 0.593784
0.327718 8.074225 0.534868
0.331537 1.883703 0.597563
0.331537 2.409222 0.525600
0.331537 3.361051 0.539599
0.331537 6.705065 0.525600
0.331537 6.709893 0.597563
0.331537 8.046716 0.539599
0.335356 1.827375 0.601433
0.335356 2.360177 0.531499
0.335356 3.293682 0.544499
0.335356 6.669934 0.601433
0.335356 6.705992 0.531499
0.335356 8.012095 0.544499
0.339175 1.769682 0.605382
0.339175 2.306262 0.537778
0.339175 3.220472 0.549552
0.339175 6.630206 0.605382
0.339175 6.704739 0.537778
0.339175 7.970240 0.549552
0.342994 1.710648 0.609400
0.342994 2.247735 0.544367
0.342994 3.141589 0.554742
0.342994 6.590827 0.609400
0.342994 6.700848 0.544367
0.342994 7.921085 0.554742
0.346814 1.650305 0.613473
0.346814 2.184868 0.551202
0.346814 3.057210 0.560060
0.346814 6.551917 0.613473
0.346814 6.693908 0.551202
0.346814 7.864630 0.560060
0.350633 1.588681 0.617586
0.350633 2.117931 0.558223
0.350633 2.967511 0.565496
0.350633 6.513597 0.617586
0.350633 6.683574 0.558223
0.350633 7.800956 0.565496
0.354452 1.525812 0.621724
0.354452 2.047188 0.565379
0.354452 2.872671 0.571047
0.354452 6.475983 0.621724
0.354452 6.669578 0.565379
0.354452 7.730229 0.571047
0.358272 1.461732 0.625869
0.358272 1.972893 0.572626
0.358272 2.772866 0.576710
0.358272 6.439194 0.625869
0.358272 6.651740 0.572626
0.358272 7.652711 0.576710
0.362091 1.396480 0.630004
0.362091 1.895280 0.579926
0.362091 2.668271 0.582485
0.362091 6.403345 0.630004
0.362091 6.629978 0.579926
0.362091 7.568771 0.582485
0.365910 1.330096 0.634109
0.365910 1.814568 0.587245
0.365910 2.559058 0.588372
0.365910 6.368548 0.634109
0.365910 6.604314 0.587245
0.365910 7.478888 0.588372
0.369729 1.262621 0.638162
0.369729 1.730955 0.594554
0.369729 2.445392 0.594370
0.369729 6.334915 0.638162
0.369729 6.574877 0.594554
0.369729 7.383661 0.594370
0.373548 1.194101 0.642145
0.373548 1.644619 0.601827
0.373548 2.327437 0.600479
0.373548 6.302555 0.642145
0.373548 6.541906 0.601827
0.373548 7.283812 0.600479
0.377368 1.124582 0.646033
0.377368 1.555717 0.609036
0.377368 2.205352 0.606693
0.377368 6.271570 0.646033
0.377368 6.505748 0.609036
0.377368 7.180189 0.606693
0.381187 1.054114 0.649807
0.381187 1.464391 0.616154
0.381187 2.079291 0.613003
0.381187 6.242063 0.649807
0.381187 6.466851 0.616154
0.381187 7.073766 0.613003
0.385006 0.982746 0.653442
0.385006 1.370766 0.623149
0.385006 1.949408 0.619389
0.385006 6.214131 0.653442
0.385006 6.425765 0.623149
0.385006 6.965639 0.619389
0.388825 0.910533 0.656917
0.388825 1.274959 0.629985
0.388825 1.815857 0.625825
0.388825 6.187866 0.656917
0.388825 6.383122 0.629985
0.388825 6.857024 0.625825
0.392645 0.837530 0.660210
0.392645 1.177076 0.636620
0.392645 1.678794 0.632271
0.392645 6.163356 0.660210
0.392645 6.339634 0.636620
0.392645 6.749240 0.632271
0.396464 0.763793 0.663299
0.396464 1.077222 0.643006
0.396464 1.538382 0.638672
0.396464 6.140684 0.663299
0.396464 6.296071 0.643006
0.396464 6.643699 0.638672
0.400283 0.689383 0.666164
0.400283 0.975505 0.649086
0.400283 1.394795 0.644960
0.400283 6.119927 0.666164
0.400283 6.253247 0.649086
0.400283 6.541880 0.644960
0.404102 0.614361 0.668785
0.404102 0.872038 0.654800
0.404102 1.248224 0.651048
0.404102 6.101155 0.668785
0.404102 6.211998 0.654800
0.404102 6.445306 0.651048
0.407921 0.538789 0.671144
0.407921 0.766947 0.660078
0.407921 1.098881 0.656835
0.407921 6.084434 0.671144
0.407921 6.173162 0.660078
0.407921 6.355513 0.656835
0.411741 0.462733 0.673225
0.411741 0.660371 0.664851
0.411741 0.947005 0.662206
0.411741 6.069822 0.673225
0.411741 6.137555 0.664851
0.411741 6.274004 0.662206
0.415560 0.386258 0.675012
0.415560 0.552470 0.669044
0.415560 0.792865 0.667040
0.415560 6.057369 0.675012
0.415560 6.105946 0.669044
0.415560 6.202215 0.667040
0.419379 0.309433 0.676493
0.419379 0.443423 0.672589
0.419379 0.636766 0.671212
0.419379 6.047120 0.676493
0.419379 6.079036 0.672589
0.419379 6.141467 0.671212
0.423198 0.232326 0.677656
0.423198 0.333428 0.675422
0.423198 0.479046 0.674603
0.423198 6.039110 0.677656
0.423198 6.057432 0.675422
0.423198 6.092918 0.674603
0.427018 0.155009 0.678493
0.427018 0.222704 0.677487
0.427018 0.320078 0.677109
0.427018 6.033369 0.678493
0.427018 6.041630 0.677487
0.427018 6.057521 0.677109
0.430837 0.077557 0.678997
0.430837 0.111490 0.678744
0.430837 0.160262 0.678647
0.430837 6.029916 0.678997
0.430837 6.031999 0.678744
0.430837 6.035990 0.678647
0.434656 0.001882 0.679166
0.434656 0.001882 0.679166
0.434656 0.001882 0.679166
0.434656 6.028763 0.679166
0.434656 6.028763 0.679166
0.434656 6.028763 0.679166
0.434656 0.001882 0.679166
0.434656 0.001882 0.679166
0.434656 0.001882 0.679166
0.434656 6.028763 0.679166
0.434656 6.028763 0.679166
0.434656 6.028763 0.679166
0.437775 0.082847 0.678941
0.437775 0.082847 0.678941
0.437775 0.125324 0.678876
0.437775 6.030458 0.678941
0.437775 6.030458 0.678941
0.437775 6.033120 0.678876
0.440893 0.165543 0.678268
0.440893 0.165543 0.678268
0.440893 0.250484 0.678012
0.440893 6.035522 0.678268
0.440893 6.035522 0.678268
0.440893 6.046137 0.678012
0.444011 0.248012 0.677155
0.444011 0.248012 0.677155
0.444011 0.375364 0.676591
0.444011 6.043885 0.677155
0.444011 6.043885 0.677155
0.444011 6.067651 0.676591
0.447130 0.330133 0.675614
0.447130 0.330133 0.675614
0.447130 0.499826 0.674640
0.447130 6.055438 0.675614
0.447130 6.055438 0.675614
0.447130 6.097394 0.674640
0.450248 0.411796 0.673662
0.450248 0.411796 0.673662
0.450248 0.623740 0.672196
0.450248 6.070027 0.673662
0.450248 6.070027 0.673662
0.450248 6.135004 0.672196
0.453367 0.492896 0.671318
0.453367 0.492896 0.671318
0.453367 0.746985 0.669301
0.453367 6.087465 0.671318
0.453367 6.087465 0.671318
0.453367 6.180032 0.669301
0.456485 0.573333 0.668607
0.456485 0.573333 0.668607
0.456485 0.869450 0.666003
0.456485 6.107526 0.668607
0.456485 6.107526 0.668607
0.456485 6.231951 0.666003
0.459603 0.653015 0.665554
0.459603 0.653015 0.665554
0.459603 0.991033 0.662354
0.459603 6.129958 0.665554
0.459603 6.129958 0.665554
0.459603 6.290175 0.662354
0.462722 0.731857 0.662187
0.462722 0.731857 0.662187
0.462722 1.111642 0.658403
0.462722 6.154484 0.662187
0.462722 6.154484 0.662187
0.462722 6.354066 0.658403
0.465840 0.809781 0.658533
0.465840 0.809781 0.658533
0.465840 1.231194 0.654201
0.465840 6.180808 0.658533
0.465840 6.180808 0.658533
0.465840 6.422951 0.654201
0.468959 0.886715 0.654621
0.468959 0.886715 0.654621
0.468959 1.349615 0.649796
0.468959 6.208619 0.654621
0.468959 6.208619 0.654621
0.468959 6.496135 0.649796
0.472077 0.962595 0.650479
0.472077 0.962595 0.650479
0.472077 1.466836 0.645229
0.472077 6.237601 0.650479
0.472077 6.237601 0.650479
0.472077 6.572913 0.645229
0.475195 1.037361 0.646135
0.475195 1.037361 0.646135
0.475195 1.582795 0.640540
0.475195 6.267434 0.646135
0.475195 6.267434 0.646135
0.475195 6.652581 0.640540
0.478314 1.110962 0.641613
0.478314 1.110962 0.641613
0.478314 1.697433 0.635762
0.478314 6.297800 0.641613
0.478314 6.297800 0.641613
0.478314 6.734446 0.635762
0.481432 1.183348 0.636939
0.481432 1.183348 0.636939
0.481432 1.810694 0.630924
0.481432 6.328389 0.636939
0.481432 6.328389 0.636939
0.481432 6.817837 0.630924
0.484550 1.254475 0.632135
0.484550 1.254475 0.632135
0.484550 1.922521 0.626047
0.484550 6.358904 0.632135
0.484550 6.358904 0.632135
0.484550 6.902111 0.626047
0.487669 1.324302 0.627221
0.487669 1.324302 0.627221
0.487669 2.032858 0.621152
0.487669 6.389062 0.627221
0.487669 6.389062 0.627221
0.487669 6.986659 0.621152
0.490787 1.392789 0.622217
0.490787 1.392789 0.622217
0.490787 2.141647 0.616252
0.490787 6.418600 0.622217
0.490787 6.418600 0.622217
0.490787 7.070911 0.616252
0.493906 1.459898 0.617139
0.493906 1.459898 0.617139
0.493906 2.248827 0.611357
0.493906 6.447278 0.617139
0.493906 6.447278 0.617139
0.493906 7.154339 0.611357
0.497024 1.525593 0.612004
0.497024 1.525593 0.612004
0.497024 2.354332 0.606476
0.497024 6.474880 0.612004
0.497024 6.474880 0.612004
0.497024 7.236463 0.606476
0.500142 1.589835 0.606825
0.500142 1.589835 0.606825
0.500142 2.458093 0.601614
0.500142 6.501215 0.606825
0.500142 6.501215 0.606825
0.500142 7.316847 0.601614
0.503261 1.652587 0.601616
0.503261 1.652587 0.601616
0.503261 2.560035 0.596773
0.503261 6.526121 0.601616
0.503261 6.526121 0.601616
0.503261 7.395107 0.596773
0.506379 1.713809 0.596391
0.506379 1.713809 0.596391
0.506379 2.660077 0.591956
0.506379 6.549465 0.596391
0.506379 6.549465 0.596391
0.506379 7.470902 0.591956
0.509498 1.773461 0.591159
0.509498 1.773461 0.591159
0.509498 2.758132 0.587165
0.509498 6.571141 0.591159
0.509498 6.571141 0.591159
0.509498 7.543943 0.587165
0.512616 1.831500 0.585934
0.512616 1.831500 0.585934
0.512616 2.854106 0.582400
0.512616 6.591071 0.585934
0.512616 6.591071 0.585934
0.512616 7.613985 0.582400
0.515734 1.887882 0.580726
0.515734 1.887882 0.580726
0.515734 2.947900 0.577664
0.515734 6.609207 0.580726
0.515734 6.609207 0.580726
0.515734 7.680827 0.577664
0.518853 1.942558 0.575548
0.518853 1.942558 0.575548
0.518853 3.039408 0.572957
0.518853 6.625526 0.575548
0.518853 6.625526 0.575548
0.518853 7.744315 0.572957
0.521971 1.995481 0.570412
0.521971 1.995481 0.570412
0.521971 3.128515 0.568283
0.521971 6.640031 0.570412
0.521971 6.640031 0.570412
0.521971 7.804331 0.568283
0.525089 2.046598 0.565330
0.525089 2.046598 0.565330
0.525089 3.215103 0.563646
0.525089 6.652749 0.565330
0.525089 6.652749 0.565330
0.525089 7.860801 0.563646
0.528208 2.095857 0.560316
0.528208 2.095857 0.560316
0.528208 3.299046 0.559051
0.528208 6.663728 0.560316
0.528208 6.663728 0.560316
0.528208 7.913681 0.559051
0.531326 2.143202 0.555384
0.531326 2.143202 0.555384
0.531326 3.380212 0.554507
0.531326 6.673037 0.555384
0.531326 6.673037 0.555384
0.531326 7.962966 0.554507
0.534445 2.188577 0.550550
0.534445 2.188577 0.550550
0.534445 3.458466 0.550021
0.534445 6.680763 0.550550
0.534445 6.680763 0.550550
0.534445 8.008678 0.550021
0.537563 2.231925 0.545828
0.537563 2.231925 0.545828
0.537563 3.533667 0.545607
0.537563 6.687007 0.545828
0.537563 6.687007 0.545828
0.537563 8.050867 0.545607
0.540682 2.273187 0.541236
0.540682 2.273187 0.541236
0.540682 3.605668 0.541276
0.540682 6.691885 0.541236
0.540682 6.691885 0.541236
0.540682 8.089607 0.541276
0.543800 2.312306 0.536791
0.543800 2.312306 0.536791
0.543800 3.674322 0.537045
0.543800 6.695520 0.536791
0.543800 6.695520 0.536791
0.543800 8.124994 0.537045
0.546918 2.349224 0.532512
0.546918 2.349224 0.532512
0.546918 3.739478 0.532931
0.546918 6.698047 0.532512
0.546918 6.698047 0.532512
0.546918 8.157140 0.532931
0.550037 2.383883 0.528418
0.550037 2.383883 0.528418
0.550037 3.800986 0.528953
0.550037 6.699602 0.528418
0.550037 6.699602 0.528418
0.550037 8.186174 0.528953
0.553155 2.416229 0.524526
0.553155 2.416229 0.524526
0.553155 3.858695 0.525133
0.553155 6.700327 0.524526
0.553155 6.700327 0.524526
0.553155 8.212235 0.525133
0.556273 2.446208 0.520858
0.556273 2.446208 0.520858
0.556273 3.912454 0.521494
0.556273 6.700364 0.520858
0.556273 6.700364 0.520858
0.556273 8.235468 0.521494
0.559392 2.473768 0.517430
0.559392 2.473768 0.517430
0.559392 3.962118 0.518060
0.559392 6.699850 0.517430
0.559392 6.699850 0.517430
0.559392 8.256025 0.518060
0.562510 2.498861 0.514263
0.562510 2.498861 0.514263
0.562510 4.007545 0.514854
0.562510 6.698922 0.514263
0.562510 6.698922 0.514263
0.562510 8.274057 0.514854
0.565629 2.521442 0.511374
0.565629 2.521442 0.511374
0.565629 4.048599 0.511902
0.565629 6.697708 0.511374
0.565629 6.697708 0.511374
0.565629 8.289714 0.511902
0.568747 2.541468 0.508780
0.568747 2.541468 0.508780
0.568747 4.085155 0.509228
0.568747 6.696329 0.508780
0.568747 6.696329 0.508780
0.568747 8.303141 0.509228
0.571865 2.558904 0.506498
0.571865 2.558904 0.506498
0.571865 4.117093 0.506855
0.571865 6.694895 0.506498
0.571865 6.694895 0.506498
0.571865 8.314472 0.506855
0.574984 2.573715 0.504540
0.574984 2.573715 0.504540
0.574984 4.144308 0.504806
0.574984 6.693506 0.504540
0.574984 6.693506 0.504540
0.574984 8.323833 0.504806
0.578102 2.585873 0.502920
0.578102 2.585873 0.502920
0.578102 4.166708 0.503101
0.578102 6.692247 0.502920
0.578102 6.692247 0.502920
0.578102 8.331332 0.503101
0.581221 2.595354 0.501649
0.581221 2.595354 0.501649
0.581221 4.184214 0.501755
0.581221 6.691192 0.501649
0.581221 6.691192 0.501649
0.581221 8.337064 0.501755
0.584339 2.602139 0.500735
0.584339 2.602139 0.500735
0.584339 4.196764 0.500783
0.584339 6.690396 0.500735
0.584339 6.690396 0.500735
0.584339 8.341103 0.500783
0.587457 2.606216 0.500184
0.587457 2.606216 0.500184
0.587457 4.204312 0.500196
0.587457 6.689902 0.500184
0.587457 6.689902 0.500184
0.587457 8.343504 0.500196
0.590576 2.607576 0.500000
0.590576 2.607576 0.500000
0.590576 4.206831 0.500000
0.590576 6.689735 0.500000
0.590576 6.689735 0.500000
0.590576 8.344301 0.500000
0.590576 2.607576 0.500000
0.590576 2.607576 0.500000
0.590576 4.206831 0.500000
0.590576 6.689735 0.500000
0.590576 6.689735 0.500000
0.590576 8.344301 0.500000
0.593122 2.607337 0.500032
0.593122 2.607712 0.500037
0.593122 4.206023 0.500024
0.593122 6.689718 0.500033
0.593122 6.690545 0.500056
0.593122 8.343793 0.500004
0.595668 2.606624 0.500130
0.595668 2.608117 0.500148
0.595668 4.203599 0.500095
0.595668 6.689669 0.500130
0.595668 6.692969 0.500225
0.595668 8.342270 0.500018
0.598214 2.605445 0.500291
0.598214 2.608786 0.500332
0.598214 4.199565 0.500213
0.598214 6.689596 0.500292
0.598214 6.696986 0.500504
0.598214 8.339727 0.500040
0.600760 2.603815 0.500515
0.600760 2.609710 0.500591
0.600760 4.193926 0.500377
0.600760 6.689510 0.500519
0.600760 6.702565 0.500892
0.600760 8.336161 0.500072
0.603307 2.601751 0.500800
0.603307 2.610875 0.500924
0.603307 4.186694 0.500586
0.603307 6.689429 0.500809
0.603307 6.709659 0.501386
0.603307 8.331565 0.500114
0.605853 2.599279 0.501144
0.605853 2.612266 0.501330
0.605853 4.177881 0.500837
0.605853 6.689374 0.501163
0.605853 6.718211 0.501982
0.605853 8.325932 0.500167
0.608399 2.596429 0.501544
0.608399 2.613863 0.501811
0.608399 4.167503 0.501129
0.608399 6.689370 0.501580
0.608399 6.728154 0.502676
0.608399 8.319252 0.500230
0.610945 2.593233 0.501999
0.610945 2.615643 0.502365
0.610945 4.155578 0.501459
0.610945 6.689447 0.502058
0.610945 6.739409 0.503463
0.610945 8.311516 0.500306
0.613491 2.589728 0.502505
0.613491 2.617583 0.502993
0.613491 4.142129 0.501824
0.613491 6.689638 0.502596
0.613491 6.751889 0.504338
0.613491 8.302713 0.500395
0.616037 2.585957 0.503059
0.616037 2.619654 0.503695
0.616037 4.127180 0.502223
0.616037 6.689979 0.503193
0.616037 6.765499 0.505296
0.616037 8.292833 0.500499
0.618583 2.581963 0.503658
0.618583 2.621827 0.504469
0.618583 4.110760 0.502652
0.618583 6.690509 0.503847
0.618583 6.780139 0.506330
0.618583 8.281866 0.500617
0.621130 2.577792 0.504301
0.621130 2.624073 0.505316
0.621130 4.092899 0.503107
0.621130 6.691270 0.504555
0.621130 6.795702 0.507435
0.621130 8.269802 0.500753
0.623676 2.573494 0.504983
0.623676 2.626358 0.506233
0.623676 4.073632 0.503586
0.623676 6.692306 0.505316
0.623676 6.812077 0.508605
0.623676 8.256633 0.500907
0.626222 2.569118 0.505702
0.626222 2.628650 0.507221
0.626222 4.052996 0.504085
0.626222 6.693662 0.506126
0.626222 6.829152 0.509834
0.626222 8.242354 0.501082
0.628768 2.564715 0.506457
0.628768 2.630918 0.508277
0.628768 4.031034 0.504601
0.628768 6.695384 0.506982
0.628768 6.846812 0.511116
0.628768 8.226958 0.501278
0.631314 2.560337 0.507245
0.631314 2.633127 0.509400
0.631314 4.007790 0.505128
0.631314 6.697520 0.507880
0.631314 6.864943 0.512447
0.631314 8.210446 0.501497
0.633860 2.556036 0.508064
0.633860 2.635246 0.510587
0.633860 3.983314 0.505665
0.633860 6.700115 0.508815
0.633860 6.883433 0.513819
0.633860 8.192818 0.501742
0.636407 2.551862 0.508914
0.636407 2.637244 0.511837
0.636407 3.957656 0.506206
0.636407 6.703216 0.509784
0.636407 6.902170 0.515229
0.636407 8.174079 0.502014
0.638953 2.547867 0.509793
0.638953 2.639091 0.513145
0.638953 3.930876 0.506748
0.638953 6.706868 0.510781
0.638953 6.921046 0.516670
0.638953 8.154237 0.502315
0.641499 2.544098 0.510700
0.641499 2.640761 0.514508
0.641499 3.903032 0.507285
0.641499 6.711117 0.511799
0.641499 6.939957 0.518139
0.641499 8.133307 0.502647
0.644045 2.540604 0.511636
0.644045 2.642227 0.515923
0.644045 3.874191 0.507814
0.644045 6.716003 0.512835
0.644045 6.958805 0.519628
0.644045 8.111305 0.503012
0.646591 2.537430 0.512601
0.646591 2.643467 0.517385
0.646591 3.844422 0.508329
0.646591 6.721568 0.513879
0.646591 6.977496 0.521135
0.646591 8.088253 0.503412
0.649137 2.534619 0.513595
0.649137 2.644461 0.518889
0.649137 3.813800 0.508825
0.649137 6.727849 0.514927
0.649137 6.995943 0.522654
0.649137 8.064178 0.503849
0.651683 2.532210 0.514619
0.651683 2.645194 0.520430
0.651683 3.782403 0.509297
0.651683 6.734882 0.515970
0.651683 7.014064 0.524181
0.651683 8.039112 0.504325
0.654230 2.530242 0.515675
0.654230 2.645653 0.522003
0.654230 3.750316 0.509738
0.654230 6.742699 0.517001
0.654230 7.031786 0.525710
0.654230 8.013093 0.504841
0.656776 2.528748 0.516764
0.656776 2.645829 0.523601
0.656776 3.717628 0.510144
0.656776 6.751329 0.518013
0.656776 7.049041 0.527238
0.656776 7.986162 0.505398
0.659322 2.527759 0.517888
0.659322 2.645718 0.525218
0.659322 3.684434 0.510507
0.659322 6.760798 0.518996
0.659322 7.065770 0.528759
0.659322 7.958365 0.505999
0.661868 2.527301 0.519049
0.661868 2.645320 0.526847
0.661868 3.650832 0.510821
0.661868 6.771128 0.519945
0.661868 7.081921 0.530268
0.661868 7.929754 0.506644
0.664414 2.527396 0.520250
0.664414 2.644639 0.528481
0.664414 3.616929 0.511079
0.664414 6.782339 0.520850
0.664414 7.097447 0.531762
0.664414 7.900385 0.507335
0.666960 2.528064 0.521493
0.666960 2.643685 0.530113
0.666960 3.582836 0.511274
0.666960 6.794446 0.521703
0.666960 7.112310 0.533234
0.666960 7.870317 0.508071
0.669507 2.529316 0.522782
0.669507 2.642469 0.531735
0.669507 3.548669 0.511399
0.669507 6.807461 0.522497
0.669507 7.126478 0.534681
0.669507 7.839614 0.508853
0.672053 2.531159 0.524119
0.672053 2.641012 0.533340
0.672053 3.514551 0.511446
0.672053 6.821395 0.523224
0.672053 7.139925 0.536096
0.672053 7.808341 0.509682
0.674599 2.533596 0.525507
0.674599 2.639333 0.534919
0.674599 3.480614 0.511408
0.674599 6.836252 0.523876
0.674599 7.152632 0.537474
0.674599 7.776569 0.510557
0.677145 2.536620 0.526950
0.677145 2.637460 0.536464
0.677145 3.446992 0.511279
0.677145 6.852036 0.524446
0.677145 7.164585 0.538811
0.677145 7.744369 0.511479
0.679691 2.540217 0.528449
0.679691 2.635422 0.537968
0.679691 3.413831 0.511051
0.679691 6.868746 0.524927
0.679691 7.175774 0.540101
0.679691 7.711814 0.512446
0.682237 2.544364 0.530007
0.682237 2.633253 0.539422
0.682237 3.381282 0.510718
0.682237 6.886378 0.525311
0.682237 7.186194 0.541339
0.682237 7.678979 0.513458
0.684784 2.549027 0.531625
0.684784 2.630988 0.540818
0.684784 3.349507 0.510275
0.684784 6.904927 0.525592
0.684784 7.195845 0.542520
0.684784 7.645940 0.514516
0.687330 2.554159 0.533303
0.687330 2.628666 0.542149
0.687330 3.318679 0.509719
0.687330 6.924383 0.525762
0.687330 7.204730 0.543638
0.687330 7.612771 0.515619
0.689876 2.559699 0.535037
0.689876 2.626326 0.543406
0.689876 3.288980 0.509048
0.689876 6.944734 0.525812
0.689876 7.212853 0.544688
0.689876 7.579551 0.516769
0.692422 2.565566 0.536821
0.692422 2.624011 0.544583
0.692422 3.260606 0.508266
0.692422 6.965963 0.525732
0.692422 7.220221 0.545666
0.692422 7.546354 0.517970
0.694968 2.571661 0.538646
0.694968 2.621761 0.545672
0.694968 3.233770 0.507380
0.694968 6.988050 0.525511
0.694968 7.226845 0.546567
0.694968 7.513258 0.519228
0.697514 2.577864 0.540492
0.697514 2.619616 0.546666
0.697514 3.208699 0.506402
0.697514 7.010970 0.525130
0.697514 7.232733 0.547386
0.697514 7.480341 0.520555
0.700060 2.584027 0.542333
0.700060 2.617617 0.547559
0.700060 3.185636 0.505356
0.700060 7.034688 0.524564
0.700060 7.237896 0.548119
0.700060 7.447685 0.521971
0.702607 2.589982 0.544132
0.702607 2.615800 0.548345
0.702607 3.164841 0.504274
0.702607 7.059159 0.523769
0.702607 7.242346 0.548762
0.702607 7.415377 0.523517
0.705153 2.595537 0.545838
0.705153 2.614200 0.549020
0.705153 3.146587 0.503198
0.705153 7.084315 0.522672
0.705153 7.246091 0.549313
0.705153 7.383525 0.525263
0.707699 2.600485 0.547388
0.707699 2.612847 0.549578
0.707699 3.131149 0.502184
0.707699 7.110042 0.521130
0.707699 7.249141 0.549768
0.707699 7.352274 0.527355
0.710245 2.604616 0.548708
0.710245 2.611766 0.550016
0.710245 3.118796 0.501296
0.710245 7.136114 0.518837
0.710245 7.251504 0.550124
0.710245 7.321877 0.530107
0.712791 2.607735 0.549724
0.712791 2.610979 0.550332
0.712791 3.109771 0.500599
0.712791 7.161961 0.515056
0.712791 7.253188 0.550380
0.712791 7.292926 0.534299
0.715337 2.609679 0.550365
0.715337 2.610500 0.550522
0.715337 3.104270 0.500154
0.715337 7.185579 0.507967
0.715337 7.254196 0.550534
0.715337 7.267439 0.541924
0.717884 2.610340 0.550585
0.717884 2.610340 0.550585
0.717884 3.102421 0.500000
0.717884 7.197863 0.500000
0.717884 7.254531 0.550585
0.717884 7.254531 0.550585
0.717884 2.610340 0.550585
0.717884 2.610340 0.550585
0.717884 3.102421 0.500000
0.717884 7.197863 0.500000
0.717884 7.254531 0.550585
0.717884 7.254531 0.550585
0.719684 2.597220 0.551438
0.719684 2.623273 0.549752
0.719684 3.101644 0.500068
0.719684 7.197276 0.500068
0.719684 7.238987 0.551438
0.719684 7.269791 0.549752
0.721484 2.583923 0.552311
0.721484 2.636011 0.548939
0.721484 3.099315 0.500270
0.721484 7.195518 0.500270
0.721484 7.223173 0.552311
0.721484 7.284752 0.548939
0.723285 2.570456 0.553204
0.723285 2.648548 0.548147
0.723285 3.095436 0.500608
0.723285 7.192597 0.500608
0.723285 7.207104 0.553204
0.723285 7.299403 0.548147
0.725085 2.556830 0.554116
0.725085 2.660877 0.547375
0.725085 3.090014 0.501081
0.725085 7.188523 0.501081
0.725085 7.190798 0.554116
0.725085 7.313731 0.547375
0.726886 2.543055 0.555047
0.726886 2.672991 0.546623
0.726886 3.083054 0.501688
0.726886 7.174272 0.555047
0.726886 7.183313 0.501688
0.726886 7.327728 0.546623
0.728686 2.529141 0.555997
0.728686 2.684884 0.545892
0.728686 3.074568 0.502431
0.728686 7.157546 0.555997
0.728686 7.176990 0.502431
0.728686 7.341382 0.545892
0.730487 2.515100 0.556964
0.730487 2.696551 0.545181
0.730487 3.064568 0.503307
0.730487 7.140639 0.556964
0.730487 7.169578 0.503307
0.730487 7.354688 0.545181
0.732287 2.500943 0.557949
0.732287 2.707987 0.544491
0.732287 3.053068 0.504317
0.732287 7.123572 0.557949
0.732287 7.161108 0.504317
0.732287 7.367637 0.544491
0.734087 2.486684 0.558950
0.734087 2.719186 0.543821
0.734087 3.040085 0.505460
0.734087 7.106368 0.558950
0.734087 7.151614 0.505460
0.734087 7.380223 0.543821
0.735888 2.472337 0.559967
0.735888 2.730146 0.543170
0.735888 3.025639 0.506736
0.735888 7.089049 0.559967
0.735888 7.141136 0.506736
0.735888 7.392442 0.543170
0.737688 2.457915 0.560999
0.737688 2.740861 0.542540
0.737688 3.009754 0.508142
0.737688 7.071639 0.560999
0.737688 7.129716 0.508142
0.737688 7.404290 0.542540
0.739488 2.443434 0.562045
0.739488 2.751328 0.541929
0.739488 2.992455 0.509679
0.739488 7.054162 0.562045
0.739488 7.117400 0.509679
0.739488 7.415763 0.541929
0.741289 2.428909 0.563104
0.741289 2.761544 0.541338
0.741289 2.973773 0.511343
0.741289 7.036645 0.563104
0.741289 7.104239 0.511343
0.741289 7.426859 0.541338
0.743089 2.414357 0.564174
0.743089 2.771505 0.540766
0.743089 2.953740 0.513133
0.743089 7.019113 0.564174
0.743089 7.090286 0.513133
0.743089 7.437578 0.540766
0.744890 2.399795 0.565254
0.744890 2.781210 0.540213
0.744890 2.932393 0.515046
0.744890 7.001593 0.565254
0.744890 7.075599 0.515046
0.744890 7.447919 0.540213
0.746690 2.385242 0.566344
0.746690 2.790654 0.539679
0.746690 2.909773 0.517080
0.746690 6.984114 0.566344
0.746690 7.060237 0.517080
0.746690 7.457882 0.539679
0.748490 2.370717 0.567440
0.748490 2.799837 0.539163
0.748490 2.885926 0.519229
0.748490 6.966702 0.567440
0.748490 7.044263 0.519229
0.748490 7.467469 0.539163
0.750291 2.356239 0.568542
0.750291 2.808755 0.538666
0.750291 2.860902 0.521491
0.750291 6.949387 0.568542
0.750291 7.027741 0.521491
0.750291 7.476682 0.538666
0.752091 2.341830 0.569648
0.752091 2.817408 0.538188
0.752091 2.834757 0.523861
0.752091 6.932197 0.569648
0.752091 7.010739 0.523861
0.752091 7.485523 0.538188
0.753892 2.327510 0.570756
0.753892 2.807551 0.526331
0.753892 2.825793 0.537727
0.753892 6.915163 0.570756
0.753892 6.993325 0.526331
0.753892 7.493996 0.537727
0.755692 2.313302 0.571864
0.755692 2.779350 0.528897
0.755692 2.833909 0.537284
0.755692 6.898313 0.571864
0.755692 6.975571 0.528897
0.755692 7.502104 0.537284
0.757493 2.299228 0.572970
0.757493 2.750228 0.531550
0.757493 2.841755 0.536858
0.757493 6.881678 0.572970
0.757493 6.957547 0.531550
0.757493 7.509852 0.536858
0.759293 2.285314 0.574071
0.759293 2.720263 0.534284
0.759293 2.849330 0.536450
0.759293 6.865287 0.574071
0.759293 6.939326 0.534284
0.759293 7.517246 0.536450
0.761093 2.271582 0.575165
0.761093 2.689541 0.537088
0.761093 2.856632 0.536058
0.761093 6.849171 0.575165
0.761093 6.920982 0.537088
0.761093 7.524289 0.536058
0.762894 2.258058 0.576250
0.762894 2.658154 0.539954
0.762894 2.863661 0.535684
0.762894 6.833360 0.576250
0.762894 6.902587 0.539954
0.762894 7.530989 0.535684
0.764694 2.244767 0.577324
0.764694 2.626203 0.542870
0.764694 2.870416 0.535325
0.764694 6.817884 0.577324
0.764694 6.884216 0.542870
0.764694 7.537351 0.535325
0.766494 2.231737 0.578383
0.766494 2.593794 0.545826
0.766494 2.876896 0.534984
0.766494 6.802771 0.578383
0.766494 6.865940 0.545826
0.766494 7.543382 0.534984
0.768295 2.218992 0.579425
0.768295 2.561044 0.548809
0.768295 2.883101 0.534658
0.768295 6.788052 0.579425
0.768295 6.847834 0.548809
0.768295 7.549088 0.534658
0.770095 2.206560 0.580447
0.770095 2.528075 0.551806
0.770095 2.889031 0.534349
0.770095 6.773755 0.580447
0.770095 6.829967 0.551806
0.770095 7.554476 0.534349
0.771896 2.194469 0.581447
0.771896 2.495018 0.554803
0.771896 2.894686 0.534055
0.771896 6.759909 0.581447
0.771896 6.812410 0.554803
0.771896 7.559554 0.534055
0.773696 2.182745 0.582421
0.773696 2.462013 0.557788
0.773696 2.900064 0.533776
0.773696 6.746541 0.582421
0.773696 6.795231 0.557788
0.773696 7.564327 0.533776
0.775497 2.171416 0.583367
0.775497 2.429206 0.560744
0.775497 2.905166 0.533514
0.775497 6.733679 0.583367
0.775497 6.778498 0.560744
0.775497 7.568804 0.533514
0.777297 2.160509 0.584282
0.777297 2.396751 0.563657
0.777297 2.909992 0.533266
0.777297 6.721348 0.584282
0.777297 6.762275 0.563657
0.777297 7.572991 0.533266
0.779097 2.150052 0.585164
0.779097 2.364810 0.566511
0.779097 2.914542 0.533033
0.779097 6.709574 0.585164
0.779097 6.746624 0.566511
0.779097 7.576895 0.533033
0.780898 2.140070 0.586008
0.780898 2.333550 0.569291
0.780898 2.918815 0.532815
0.780898 6.698382 0.586008
0.780898 6.731604 0.569291
0.780898 7.580522 0.532815
0.782698 2.130590 0.586814
0.782698 2.303143 0.571982
0.782698 2.922812 0.532612
0.782698 6.687795 0.586814
0.782698 6.717274 0.571982
0.782698 7.583881 0.532612
0.784499 2.121637 0.587577
0.784499 2.273767 0.574568
0.784499 2.926532 0.532424
0.784499 6.677835 0.587577
0.784499 6.703688 0.574568
0.784499 7.586977 0.532424
0.786299 2.113237 0.588295
0.786299 2.245602 0.577033
0.786299 2.929977 0.532250
0.786299 6.668524 0.588295
0.786299 6.690895 0.577033
0.786299 7.589816 0.532250
0.788099 2.105412 0.588966
0.788099 2.218829 0.579363
0.788099 2.933145 0.532090
0.788099 6.659882 0.588966
0.788099 6.678946 0.579363
0.788099 7.592405 0.532090
0.789900 2.098185 0.589587
0.789900 2.193630 0.581544
0.789900 2.936037 0.531945
0.789900 6.651926 0.589587
0.789900 6.667882 0.581544
0.789900 7.594748 0.531945
0.791700 2.091578 0.590157
0.791700 2.170181 0.583562
0.791700 2.938654 0.531814
0.791700 6.644675 0.590157
0.791700 6.657747 0.583562
0.791700 7.596852 0.531814
0.793501 2.085610 0.590672
0.793501 2.148656 0.585405
0.793501 2.940994 0.531697
0.793501 6.638144 0.590672
0.793501 6.648576 0.585405
0.793501 7.598720 0.531697
0.795301 2.080299 0.591132
0.795301 2.129221 0.587060
0.795301 2.943059 0.531593
0.795301 6.632347 0.591132
0.795301 6.640405 0.587060
0.795301 7.600358 0.531593
0.797101 2.075662 0.591534
0.797101 2.112029 0.588518
0.797101 2.944848 0.531504
0.797101 6.627297 0.591534
0.797101 6.633262 0.588518
0.797101 7.601769 0.531504
0.798902 2.071713 0.591877
0.798902 2.097223 0.589767
0.798902 2.946362 0.531429
0.798902 6.623004 0.591877
0.798902 6.627173 0.589767
0.798902 7.602958 0.531429
0.800702 2.068465 0.592159
0.800702 2.084927 0.590801
0.800702 2.947601 0.531367
0.800702 6.619479 0.592159
0.800702 6.622161 0.590801
0.800702 7.603926 0.531367
0.802503 2.065927 0.592380
0.802503 2.075247 0.591613
0.802503 2.948564 0.531319
0.802503 6.616730 0.592380
0.802503 6.618244 0.591613
0.802503 7.604676 0.531319
0.804303 2.064109 0.592538
0.804303 2.068271 0.592196
0.804303 2.949252 0.531285
0.804303 6.614761 0.592538
0.804303 6.615437 0.592196
0.804303 7.605210 0.531285
0.806103 2.063016 0.592634
0.806103 2.064059 0.592548
0.806103 2.949664 0.531264
0.806103 6.613579 0.592634
0.806103 6.613748 0.592548
0.806103 7.605531 0.531264
0.807904 2.062651 0.592665
0.807904 2.062651 0.592665
0.807904 2.949802 0.531258
0.807904 6.613184 0.592665
0.807904 6.613184 0.592665
0.807904 7.605637 0.531258
