Distance (Angstrom) Frequency (THz) Normalized Amplitude (0-0.5)
0.000000 0.001882 -0.078173
0.000000 0.001882 -0.078173
0.000000 0.001882 -0.078173
0.000000 6.028763 -0.421827
0.000000 6.028763 -0.421827
0.000000 6.028763 -0.421827
0.003601 0.073112 -0.078114
0.003601 0.073112 -0.078114
0.003601 0.168894 -0.077902
0.003601 6.029787 -0.421886
0.003601 6.029787 -0.421886
0.003601 6.037041 -0.422098
0.007202 0.146049 -0.077937
0.007202 0.146049 -0.077937
0.007202 0.337156 -0.077101
0.007202 6.032849 -0.422063
0.007202 6.032849 -0.422063
0.007202 6.061703 -0.422899
0.010802 0.218718 -0.077645
0.010802 0.218718 -0.077645
0.010802 0.504210 -0.075799
0.010802 6.037921 -0.422355
0.010802 6.037921 -0.422355
0.010802 6.102241 -0.424201
0.014403 0.290977 -0.077241
0.014403 0.290977 -0.077241
0.014403 0.669490 -0.074041
0.014403 6.044955 -0.422759
0.014403 6.044955 -0.422759
0.014403 6.157834 -0.425959
0.018004 0.362693 -0.076729
0.018004 0.362693 -0.076729
0.018004 0.832482 -0.071888
0.018004 6.053887 -0.423271
0.018004 6.053887 -0.423271
0.018004 6.227375 -0.428112
0.021605 0.433739 -0.076115
0.021605 0.433739 -0.076115
0.021605 0.992729 -0.069404
0.021605 6.064635 -0.423885
0.021605 6.064635 -0.423885
0.021605 6.309518 -0.430596
0.025206 0.503992 -0.075405
0.025206 0.503992 -0.075405
0.025206 1.149832 -0.066659
0.025206 6.077101 -0.424595
0.025206 6.077101 -0.424595
0.025206 6.402725 -0.433341
0.028806 0.573338 -0.074607
0.028806 0.573338 -0.074607
0.028806 1.303450 -0.063720
0.028806 6.091171 -0.425393
0.028806 6.091171 -0.425393
0.028806 6.505315 -0.436280
0.032407 0.641668 -0.073730
0.032407 0.641668 -0.073730
0.032407 1.453293 -0.060648
0.032407 6.106722 -0.426270
0.032407 6.106722 -0.426270
0.032407 6.615515 -0.439352
0.036008 0.708880 -0.072781
0.036008 0.708880 -0.072781
0.036008 1.599118 -0.057498
0.036008 6.123615 -0.427219
0.036008 6.123615 -0.427219
0.036008 6.731508 -0.442502
0.039609 0.774883 -0.071769
0.039609 0.774883 -0.071769
0.039609 1.740716 -0.054315
0.039609 6.141704 -0.428231
0.039609 6.141704 -0.428231
0.039609 6.851475 -0.445685
0.043210 0.839590 -0.070704
0.043210 0.839590 -0.070704
0.043210 1.877905 -0.051135
0.043210 6.160834 -0.429296
0.043210 6.160834 -0.429296
0.043210 6.973634 -0.448865
0.046810 0.902925 -0.069595
0.046810 0.902925 -0.069595
0.046810 2.010523 -0.047983
0.046810 6.180847 -0.430405
0.046810 6.180847 -0.430405
0.046810 7.096268 -0.452017
0.050411 0.964819 -0.068450
0.050411 0.964819 -0.068450
0.050411 2.138416 -0.044880
0.050411 6.201578 -0.431550
0.050411 6.201578 -0.431550
0.050411 7.217752 -0.455120
0.054012 1.025211 -0.067280
0.054012 1.025211 -0.067280
0.054012 2.261439 -0.041837
0.054012 6.222862 -0.432720
0.054012 6.222862 -0.432720
0.054012 7.336568 -0.458163
0.057613 1.084048 -0.066091
0.057613 1.084048 -0.066091
0.057613 2.379443 -0.038862
0.057613 6.244533 -0.433909
0.057613 6.244533 -0.433909
0.057613 7.451325 -0.461138
0.061214 1.141284 -0.064892
0.061214 1.141284 -0.064892
0.061214 2.492280 -0.035957
0.061214 6.266431 -0.435108
0.061214 6.266431 -0.435108
0.061214 7.560765 -0.464043
0.064815 1.196878 -0.063690
0.064815 1.196878 -0.063690
0.064815 2.599797 -0.033123
0.064815 6.288395 -0.436310
0.064815 6.288395 -0.436310
0.064815 7.663769 -0.466877
0.068415 1.250800 -0.062493
0.068415 1.250800 -0.062493
0.068415 2.701831 -0.030359
0.068415 6.310273 -0.437507
0.068415 6.310273 -0.437507
0.068415 7.759365 -0.469641
0.072016 1.303020 -0.061306
0.072016 1.303020 -0.061306
0.072016 2.798215 -0.027663
0.072016 6.331921 -0.438694
0.072016 6.331921 -0.438694
0.072016 7.846729 -0.472337
0.075617 1.353519 -0.060136
0.075617 1.353519 -0.060136
0.075617 2.888772 -0.025033
0.075617 6.353202 -0.439864
0.075617 6.353202 -0.439864
0.075617 7.925185 -0.474967
0.079218 1.402278 -0.058986
0.079218 1.402278 -0.058986
0.079218 2.973320 -0.022470
0.079218 6.373990 -0.441014
0.079218 6.373990 -0.441014
0.079218 7.994207 -0.477530
0.082819 1.449284 -0.057863
0.082819 1.449284 -0.057863
0.082819 3.051666 -0.019975
0.082819 6.394172 -0.442137
0.082819 6.394172 -0.442137
0.082819 8.053417 -0.480025
0.086419 1.494530 -0.056769
0.086419 1.494530 -0.056769
0.086419 3.123614 -0.017552
0.086419 6.413644 -0.443231
0.086419 6.413644 -0.443231
0.086419 8.102587 -0.482448
0.090020 1.538010 -0.055708
0.090020 1.538010 -0.055708
0.090020 3.188961 -0.015207
0.090020 6.432317 -0.444292
0.090020 6.432317 -0.444292
0.090020 8.141632 -0.484793
0.093621 1.579720 -0.054683
0.093621 1.579720 -0.054683
0.093621 3.247501 -0.012951
0.093621 6.450115 -0.445317
0.093621 6.450115 -0.445317
0.093621 8.170615 -0.487049
0.097222 1.619659 -0.053696
0.097222 1.619659 -0.053696
0.097222 3.299029 -0.010797
0.097222 6.466977 -0.446304
0.097222 6.466977 -0.446304
0.097222 8.189737 -0.489203
0.100823 1.657831 -0.052748
0.100823 1.657831 -0.052748
0.100823 3.343345 -0.008764
0.100823 6.482852 -0.447252
0.100823 6.482852 -0.447252
0.100823 8.199338 -0.491236
0.104424 1.694237 -0.051842
0.104424 1.694237 -0.051842
0.104424 3.380257 -0.006873
0.104424 6.497706 -0.448158
0.104424 6.497706 -0.448158
0.104424 8.199886 -0.493127
0.108024 1.728883 -0.050978
0.108024 1.728883 -0.050978
0.108024 3.409592 -0.005151
0.108024 6.511517 -0.449022
0.108024 6.511517 -0.449022
0.108024 8.191977 -0.494849
0.111625 1.761773 -0.050158
0.111625 1.761773 -0.050158
0.111625 3.431207 -0.003625
0.111625 6.524276 -0.449842
0.111625 6.524276 -0.449842
0.111625 8.176320 -0.496375
0.115226 1.792916 -0.049381
0.115226 1.792916 -0.049381
0.115226 3.444999 -0.002327
0.115226 6.535986 -0.450619
0.115226 6.535986 -0.450619
0.115226 8.153727 -0.497673
0.118827 1.822317 -0.048648
0.118827 1.822317 -0.048648
0.118827 3.450923 -0.001289
0.118827 6.546661 -0.451352
0.118827 6.546661 -0.451352
0.118827 8.125099 -0.498711
0.122427 1.849984 -0.047960
0.122427 1.849984 -0.047960
0.122427 3.449011 -0.000540
0.122427 6.556326 -0.452040
0.122427 6.556326 -0.452040
0.122427 8.091406 -0.499460
0.126028 1.875926 -0.047316
0.126028 1.875926 -0.047316
0.126028 3.439396 -0.000107
0.126028 6.565013 -0.452684
0.126028 6.565013 -0.452684
0.126028 8.053672 -0.499893
0.129629 1.900149 -0.046716
0.129629 1.900149 -0.046716
0.129629 3.422332 -0.000007
0.129629 6.572765 -0.453284
0.129629 6.572765 -0.453284
0.129629 8.012945 -0.499993
0.133230 1.922662 -0.046159
0.133230 1.922662 -0.046159
0.133230 3.398225 -0.000251
0.133230 6.579629 -0.453841
0.133230 6.579629 -0.453841
0.133230 7.970279 -0.499749
0.136831 1.943473 -0.045646
0.136831 1.943473 -0.045646
0.136831 3.367652 -0.000833
0.136831 6.585659 -0.454354
0.136831 6.585659 -0.454354
0.136831 7.926705 -0.499167
0.140432 1.962588 -0.045177
0.140432 1.962588 -0.045177
0.140432 3.331387 -0.001734
0.140432 6.590911 -0.454823
0.140432 6.590911 -0.454823
0.140432 7.883209 -0.498266
0.144032 1.980015 -0.044749
0.144032 1.980015 -0.044749
0.144032 3.290410 -0.002919
0.144032 6.595444 -0.455251
0.144032 6.595444 -0.455251
0.144032 7.840711 -0.497081
0.147633 1.995761 -0.044365
0.147633 1.995761 -0.044365
0.147633 3.245918 -0.004335
0.147633 6.599319 -0.455635
0.147633 6.599319 -0.455635
0.147633 7.800046 -0.495665
0.151234 2.009832 -0.044022
0.151234 2.009832 -0.044022
0.151234 3.199314 -0.005918
0.151234 6.602596 -0.455978
0.151234 6.602596 -0.455978
0.151234 7.761951 -0.494082
0.154835 2.022233 -0.043720
0.154835 2.022233 -0.043720
0.154835 3.152182 -0.007590
0.154835 6.605331 -0.456280
0.154835 6.605331 -0.456280
0.154835 7.727062 -0.492410
0.158436 2.032970 -0.043459
0.158436 2.032970 -0.043459
0.158436 3.106244 -0.009268
0.158436 6.607580 -0.456541
0.158436 6.607580 -0.456541
0.158436 7.695909 -0.490732
0.162036 2.042048 -0.043240
0.162036 2.042048 -0.043240
0.162036 3.063294 -0.010867
0.162036 6.609391 -0.456760
0.162036 6.609391 -0.456760
0.162036 7.668922 -0.489133
0.165637 2.049469 -0.043060
0.165637 2.049469 -0.043060
0.165637 3.025119 -0.012305
0.165637 6.610809 -0.456940
0.165637 6.610809 -0.456940
0.165637 7.646439 -0.487695
0.169238 2.055238 -0.042921
0.169238 2.055238 -0.042921
0.169238 2.993395 -0.013509
0.169238 6.611871 -0.457079
0.169238 6.611871 -0.457079
0.169238 7.628714 -0.486491
0.172839 2.059357 -0.042822
0.172839 2.059357 -0.042822
0.172839 2.969580 -0.014415
0.172839 6.612608 -0.457178
0.172839 6.612608 -0.457178
0.172839 7.615932 -0.485585
0.176440 2.061827 -0.042762
0.176440 2.061827 -0.042762
0.176440 2.954808 -0.014978
0.176440 6.613041 -0.457238
0.176440 6.613041 -0.457238
0.176440 7.608217 -0.485022
0.180040 2.062651 -0.042742
0.180040 2.062651 -0.042742
0.180040 2.949802 -0.015169
0.180040 6.613184 -0.457258
0.180040 6.613184 -0.457258
0.180040 7.605637 -0.484831
0.180040 2.062651 -0.042742
0.180040 2.062651 -0.042742
0.180040 2.949802 -0.015169
0.180040 6.613184 -0.457258
0.180040 6.613184 -0.457258
0.180040 7.605637 -0.484831
0.181314 2.062770 -0.042733
0.181314 2.063418 -0.042720
0.181314 2.949733 -0.015171
0.181314 6.613267 -0.457267
0.181314 6.613581 -0.457280
0.181314 7.605584 -0.484829
0.182587 2.063128 -0.042704
0.182587 2.065718 -0.042652
0.182587 2.949527 -0.015176
0.182587 6.613514 -0.457296
0.182587 6.614770 -0.457348
0.182587 7.605424 -0.484824
0.183860 2.063724 -0.042657
0.183860 2.069540 -0.042540
0.183860 2.949183 -0.015184
0.183860 6.613925 -0.457343
0.183860 6.616750 -0.457460
0.183860 7.605157 -0.484816
0.185133 2.064557 -0.042590
0.185133 2.074870 -0.042383
0.185133 2.948701 -0.015195
0.185133 6.614499 -0.457410
0.185133 6.619519 -0.457617
0.185133 7.604784 -0.484805
0.186406 2.065627 -0.042505
0.186406 2.081686 -0.042182
0.186406 2.948082 -0.015210
0.186406 6.615233 -0.457495
0.186406 6.623072 -0.457818
0.186406 7.604303 -0.484790
0.187679 2.066932 -0.042402
0.187679 2.089963 -0.041937
0.187679 2.947325 -0.015227
0.187679 6.616125 -0.457598
0.187679 6.627404 -0.458063
0.187679 7.603715 -0.484773
0.188952 2.068471 -0.042279
0.188952 2.099669 -0.041650
0.188952 2.946429 -0.015248
0.188952 6.617171 -0.457721
0.188952 6.632510 -0.458350
0.188952 7.603018 -0.484752
0.190225 2.070243 -0.042138
0.190225 2.110768 -0.041320
0.190225 2.945396 -0.015273
0.190225 6.618368 -0.457862
0.190225 6.638383 -0.458680
0.190225 7.602214 -0.484727
0.191498 2.072244 -0.041979
0.191498 2.123218 -0.040950
0.191498 2.944225 -0.015300
0.191498 6.619712 -0.458021
0.191498 6.645014 -0.459050
0.191498 7.601301 -0.484700
0.192771 2.074474 -0.041802
0.192771 2.136974 -0.040539
0.192771 2.942915 -0.015331
0.192771 6.621198 -0.458198
0.192771 6.652394 -0.459461
0.192771 7.600278 -0.484669
0.194044 2.076929 -0.041607
0.194044 2.151990 -0.040089
0.194044 2.941466 -0.015365
0.194044 6.622820 -0.458393
0.194044 6.660513 -0.459911
0.194044 7.599145 -0.484635
0.195317 2.079608 -0.041395
0.195317 2.168212 -0.039602
0.195317 2.939879 -0.015402
0.195317 6.624573 -0.458605
0.195317 6.669361 -0.460398
0.195317 7.597902 -0.484598
0.196591 2.082507 -0.041165
0.196591 2.185588 -0.039078
0.196591 2.938153 -0.015443
0.196591 6.626451 -0.458835
0.196591 6.678925 -0.460922
0.196591 7.596547 -0.484557
0.197864 2.085624 -0.040918
0.197864 2.204061 -0.038519
0.197864 2.936287 -0.015487
0.197864 6.628446 -0.459082
0.197864 6.689192 -0.461481
0.197864 7.595080 -0.484513
0.199137 2.088956 -0.040654
0.199137 2.223574 -0.037927
0.199137 2.934282 -0.015534
0.199137 6.630552 -0.459346
0.199137 6.700148 -0.462073
0.199137 7.593500 -0.484466
0.200410 2.092499 -0.040373
0.200410 2.244068 -0.037303
0.200410 2.932138 -0.015585
0.200410 6.632762 -0.459627
0.200410 6.711779 -0.462697
0.200410 7.591805 -0.484415
0.201683 2.096251 -0.040076
0.201683 2.265483 -0.036648
0.201683 2.929853 -0.015639
0.201683 6.635067 -0.459924
0.201683 6.724068 -0.463352
0.201683 7.589996 -0.484361
0.202956 2.100208 -0.039763
0.202956 2.287760 -0.035965
0.202956 2.927427 -0.015697
0.202956 6.637460 -0.460237
0.202956 6.737000 -0.464035
0.202956 7.588070 -0.484303
0.204229 2.104367 -0.039435
0.204229 2.310839 -0.035255
0.204229 2.924861 -0.015757
0.204229 6.639932 -0.460565
0.204229 6.750557 -0.464745
0.204229 7.586028 -0.484243
0.205502 2.108724 -0.039091
0.205502 2.334659 -0.034520
0.205502 2.922154 -0.015822
0.205502 6.642474 -0.460909
0.205502 6.764722 -0.465480
0.205502 7.583867 -0.484178
0.206775 2.113276 -0.038732
0.206775 2.359163 -0.033761
0.206775 2.919306 -0.015889
0.206775 6.645078 -0.461268
0.206775 6.779475 -0.466239
0.206775 7.581587 -0.484111
0.208048 2.118019 -0.038358
0.208048 2.384291 -0.032981
0.208048 2.916316 -0.015961
0.208048 6.647734 -0.461642
0.208048 6.794798 -0.467019
0.208048 7.579186 -0.484039
0.209321 2.122950 -0.037970
0.209321 2.409986 -0.032181
0.209321 2.913183 -0.016035
0.209321 6.650433 -0.462030
0.209321 6.810671 -0.467819
0.209321 7.576664 -0.483965
0.210594 2.128066 -0.037568
0.210594 2.436193 -0.031364
0.210594 2.909908 -0.016114
0.210594 6.653166 -0.462432
0.210594 6.827073 -0.468636
0.210594 7.574018 -0.483886
0.211867 2.133362 -0.037152
0.211867 2.462856 -0.030531
0.211867 2.906490 -0.016195
0.211867 6.655924 -0.462848
0.211867 6.843983 -0.469469
0.211867 7.571249 -0.483805
0.213141 2.138836 -0.036723
0.213141 2.489922 -0.029683
0.213141 2.902928 -0.016281
0.213141 6.658695 -0.463277
0.213141 6.861379 -0.470317
0.213141 7.568353 -0.483719
0.214414 2.144483 -0.036280
0.214414 2.517340 -0.028824
0.214414 2.899223 -0.016370
0.214414 6.661472 -0.463720
0.214414 6.879241 -0.471176
0.214414 7.565332 -0.483630
0.215687 2.150301 -0.035825
0.215687 2.545060 -0.027955
0.215687 2.895373 -0.016462
0.215687 6.664245 -0.464175
0.215687 6.897546 -0.472045
0.215687 7.562182 -0.483538
0.216960 2.156286 -0.035357
0.216960 2.573033 -0.027077
0.216960 2.891378 -0.016559
0.216960 6.667004 -0.464643
0.216960 6.916270 -0.472923
0.216960 7.558902 -0.483441
0.218233 2.162434 -0.034877
0.218233 2.601213 -0.026193
0.218233 2.887238 -0.016659
0.218233 6.669739 -0.465123
0.218233 6.935392 -0.473807
0.218233 7.555492 -0.483341
0.219506 2.168742 -0.034386
0.219506 2.629556 -0.025304
0.219506 2.882952 -0.016762
0.219506 6.672443 -0.465614
0.219506 6.954888 -0.474696
0.219506 7.551950 -0.483238
0.220779 2.175206 -0.033882
0.220779 2.658018 -0.024412
0.220779 2.878520 -0.016870
0.220779 6.675104 -0.466118
0.220779 6.974736 -0.475588
0.220779 7.548274 -0.483130
0.222052 2.181824 -0.033368
0.222052 2.686558 -0.023518
0.222052 2.873941 -0.016981
0.222052 6.677715 -0.466632
0.222052 6.994910 -0.476482
0.222052 7.544464 -0.483019
0.223325 2.188591 -0.032842
0.223325 2.715136 -0.022626
0.223325 2.869215 -0.017096
0.223325 6.680267 -0.467158
0.223325 7.015389 -0.477374
0.223325 7.540518 -0.482904
0.224598 2.195505 -0.032306
0.224598 2.743715 -0.021735
0.224598 2.864341 -0.017215
0.224598 6.682752 -0.467694
0.224598 7.036149 -0.478265
0.224598 7.536434 -0.482785
0.225871 2.202562 -0.031760
0.225871 2.772259 -0.020848
0.225871 2.859319 -0.017338
0.225871 6.685161 -0.468240
0.225871 7.057165 -0.479152
0.225871 7.532212 -0.482662
0.227144 2.209758 -0.031203
0.227144 2.800733 -0.019966
0.227144 2.854148 -0.017465
0.227144 6.687486 -0.468797
0.227144 7.078416 -0.480034
0.227144 7.527850 -0.482535
0.228417 2.217090 -0.030637
0.228417 2.829104 -0.019091
0.228417 2.848828 -0.017596
0.228417 6.689721 -0.469363
0.228417 7.099876 -0.480909
0.228417 7.523347 -0.482404
0.229690 2.224555 -0.030061
0.229690 2.843357 -0.017731
0.229690 2.857340 -0.018224
0.229690 6.691859 -0.469939
0.229690 7.121523 -0.481776
0.229690 7.518702 -0.482269
0.230964 2.232148 -0.029476
0.230964 2.837736 -0.017870
0.230964 2.885413 -0.017366
0.230964 6.693892 -0.470524
0.230964 7.143335 -0.482634
0.230964 7.513914 -0.482130
0.232237 2.239867 -0.028882
0.232237 2.831965 -0.018013
0.232237 2.913292 -0.016520
0.232237 6.695814 -0.471118
0.232237 7.165287 -0.483480
0.232237 7.508980 -0.481987
0.233510 2.247706 -0.028279
0.233510 2.826041 -0.018160
0.233510 2.940952 -0.015685
0.233510 6.697621 -0.471721
0.233510 7.187358 -0.484315
0.233510 7.503901 -0.481840
0.234783 2.255663 -0.027668
0.234783 2.819966 -0.018312
0.234783 2.968365 -0.014864
0.234783 6.699306 -0.472332
0.234783 7.209525 -0.485136
0.234783 7.498676 -0.481688
0.236056 2.263733 -0.027048
0.236056 2.813737 -0.018468
0.236056 2.995507 -0.014056
0.236056 6.700866 -0.472952
0.236056 7.231767 -0.485944
0.236056 7.493303 -0.481532
0.237329 2.271911 -0.026421
0.237329 2.807356 -0.018628
0.237329 3.022355 -0.013265
0.237329 6.702296 -0.473579
0.237329 7.254061 -0.486735
0.237329 7.487781 -0.481372
0.238602 2.280192 -0.025786
0.238602 2.800821 -0.018792
0.238602 3.048886 -0.012490
0.238602 6.703592 -0.474214
0.238602 7.276386 -0.487510
0.238602 7.482109 -0.481208
0.239875 2.288573 -0.025145
0.239875 2.794131 -0.018961
0.239875 3.075078 -0.011732
0.239875 6.704752 -0.474855
0.239875 7.298722 -0.488268
0.239875 7.476288 -0.481039
0.241148 2.297048 -0.024496
0.241148 2.787286 -0.019134
0.241148 3.100912 -0.010993
0.241148 6.705774 -0.475504
0.241148 7.321048 -0.489007
0.241148 7.470315 -0.480866
0.242421 2.305610 -0.023840
0.242421 2.780287 -0.019311
0.242421 3.126367 -0.010272
0.242421 6.706654 -0.476160
0.242421 7.343344 -0.489728
0.242421 7.464190 -0.480689
0.243694 2.314255 -0.023179
0.243694 2.773131 -0.019493
0.243694 3.151424 -0.009572
0.243694 6.707394 -0.476821
0.243694 7.365591 -0.490428
0.243694 7.457912 -0.480507
0.243694 2.314255 -0.023179
0.243694 2.773131 -0.019493
0.243694 3.151424 -0.009572
0.243694 6.707394 -0.476821
0.243694 7.365591 -0.490428
0.243694 7.457912 -0.480507
0.247514 2.340622 -0.021161
0.247514 2.750722 -0.020067
0.247514 3.224040 -0.007599
0.247514 6.708759 -0.478839
0.247514 7.431846 -0.492401
0.247514 7.438160 -0.479933
0.251333 2.367484 -0.019103
0.251333 2.726890 -0.020684
0.251333 3.292482 -0.005830
0.251333 6.708869 -0.480897
0.251333 7.417018 -0.479316
0.251333 7.497002 -0.494170
0.255152 2.394617 -0.017018
0.255152 2.701622 -0.021344
0.255152 3.356360 -0.004280
0.255152 6.707795 -0.482982
0.255152 7.394482 -0.478656
0.255152 7.560613 -0.495720
0.258971 2.421755 -0.014925
0.258971 2.674904 -0.022048
0.258971 3.415330 -0.002960
0.258971 6.705656 -0.485075
0.258971 7.370554 -0.477952
0.258971 7.622272 -0.497040
0.262791 2.448589 -0.012844
0.262791 2.646723 -0.022799
0.262791 3.469084 -0.001877
0.262791 6.702619 -0.487156
0.262791 7.345244 -0.477201
0.262791 7.681614 -0.498123
0.266610 2.474764 -0.010801
0.266610 2.617070 -0.023598
0.266610 3.517345 -0.001038
0.266610 6.698892 -0.489199
0.266610 7.318568 -0.476402
0.266610 7.738309 -0.498962
0.270429 2.499881 -0.008825
0.270429 2.585933 -0.024445
0.270429 3.559869 -0.000446
0.270429 6.694713 -0.491175
0.270429 7.290552 -0.475555
0.270429 7.792056 -0.499554
0.274248 2.523506 -0.006951
0.274248 2.553303 -0.025341
0.274248 3.596436 -0.000100
0.274248 6.690347 -0.493049
0.274248 7.261229 -0.474659
0.274248 7.842581 -0.499900
0.278068 2.519174 -0.026288
0.278068 2.545167 -0.005217
0.278068 3.626853 -0.000001
0.278068 6.686069 -0.494783
0.278068 7.230641 -0.473712
0.278068 7.889628 -0.499999
0.281887 2.483538 -0.027286
0.281887 2.564376 -0.003663
0.281887 3.650953 -0.000144
0.281887 6.682152 -0.496337
0.281887 7.198836 -0.472714
0.281887 7.932956 -0.499856
0.285706 2.446392 -0.028336
0.285706 2.580630 -0.002333
0.285706 3.668593 -0.000523
0.285706 6.678855 -0.497667
0.285706 7.165873 -0.471664
0.285706 7.972330 -0.499477
0.289525 2.407732 -0.029439
0.289525 2.593432 -0.001267
0.289525 3.679658 -0.001130
0.289525 6.676406 -0.498733
0.289525 7.131816 -0.470561
0.289525 8.007518 -0.498870
0.293345 2.367558 -0.030594
0.293345 2.602307 -0.000505
0.293345 3.684060 -0.001955
0.293345 6.674985 -0.499495
0.293345 7.096737 -0.469406
0.293345 8.038284 -0.498045
0.297164 2.325870 -0.031801
0.297164 2.606812 -0.000082
0.297164 3.681737 -0.002987
0.297164 6.674714 -0.499918
0.297164 7.060716 -0.468199
0.297164 8.064387 -0.497013
0.300983 2.282671 -0.033060
0.300983 2.606554 -0.000022
0.300983 3.672654 -0.004211
0.300983 6.675642 -0.499978
0.300983 7.023837 -0.466940
0.300983 8.085577 -0.495789
0.304802 2.237966 -0.034371
0.304802 2.601203 -0.000343
0.304802 3.656805 -0.005613
0.304802 6.677736 -0.499657
0.304802 6.986193 -0.465629
0.304802 8.101598 -0.494387
0.308621 2.191762 -0.035731
0.308621 2.590501 -0.001052
0.308621 3.634210 -0.007177
0.308621 6.680878 -0.498948
0.308621 6.947879 -0.464269
0.308621 8.112183 -0.492823
0.312441 2.144067 -0.037141
0.312441 2.574268 -0.002143
0.312441 3.604914 -0.008887
0.312441 6.684863 -0.497857
0.312441 6.908998 -0.462859
0.312441 8.117064 -0.491113
0.316260 2.094893 -0.038597
0.316260 2.552404 -0.003600
0.316260 3.568985 -0.010726
0.316260 6.689402 -0.496400
0.316260 6.869654 -0.461403
0.316260 8.115968 -0.489274
0.320079 2.044253 -0.040098
0.320079 2.524887 -0.005398
0.320079 3.526516 -0.012679
0.320079 6.694135 -0.494602
0.320079 6.829958 -0.459902
0.320079 8.108630 -0.487321
0.323898 1.992163 -0.041641
0.323898 2.491765 -0.007505
0.323898 3.477616 -0.014731
0.323898 6.698639 -0.492495
0.323898 6.790022 -0.458359
0.323898 8.094794 -0.485269
0.327718 1.938639 -0.043222
0.327718 2.453154 -0.009882
0.327718 3.422414 -0.016867
0.327718 6.702447 -0.490118
0.327718 6.749962 -0.456778
0.327718 8.074225 -0.483133
0.331537 1.883703 -0.044838
0.331537 2.409222 -0.012488
0.331537 3.361051 -0.019074
0.331537 6.705065 -0.487512
0.331537 6.709893 -0.455162
0.331537 8.046716 -0.480926
0.335356 1.827375 -0.046485
0.335356 2.360177 -0.015283
0.335356 3.293682 -0.021342
0.335356 6.669934 -0.453515
0.335356 6.705992 -0.484717
0.335356 8.012095 -0.478658
0.339175 1.769682 -0.048157
0.339175 2.306262 -0.018226
0.339175 3.220472 -0.023662
0.339175 6.630206 -0.451843
0.339175 6.704739 -0.481774
0.339175 7.970240 -0.476338
0.342994 1.710648 -0.049850
0.342994 2.247735 -0.021281
0.342994 3.141589 -0.026025
0.342994 6.590827 -0.450150
0.342994 6.700848 -0.478719
0.342994 7.921085 -0.473975
0.346814 1.650305 -0.051558
0.346814 2.184868 -0.024415
0.346814 3.057210 -0.028425
0.346814 6.551917 -0.448442
0.346814 6.693908 -0.475585
0.346814 7.864630 -0.471575
0.350633 1.588681 -0.053276
0.350633 2.117931 -0.027598
0.350633 2.967511 -0.030860
0.350633 6.513597 -0.446724
0.350633 6.683574 -0.472402
0.350633 7.800956 -0.469140
0.354452 1.525812 -0.054995
0.354452 2.047188 -0.030808
0.354452 2.872671 -0.033325
0.354452 6.475983 -0.445005
0.354452 6.669578 -0.469192
0.354452 7.730229 -0.466675
0.358272 1.461732 -0.056710
0.358272 1.972893 -0.034023
0.358272 2.772866 -0.035820
0.358272 6.439194 -0.443290
0.358272 6.651740 -0.465977
0.358272 7.652711 -0.464180
0.362091 1.396480 -0.058413
0.362091 1.895280 -0.037227
0.362091 2.668271 -0.038343
0.362091 6.403345 -0.441587
0.362091 6.629978 -0.462773
0.362091 7.568771 -0.461657
0.365910 1.330096 -0.060096
0.365910 1.814568 -0.040407
0.365910 2.559058 -0.040894
0.365910 6.368548 -0.439904
0.365910 6.604314 -0.459593
0.365910 7.478888 -0.459106
0.369729 1.262621 -0.061752
0.369729 1.730955 -0.043552
0.369729 2.445392 -0.043473
0.369729 6.334915 -0.438248
0.369729 6.574877 -0.456448
0.369729 7.383661 -0.456527
0.373548 1.194101 -0.063372
0.373548 1.644619 -0.046652
0.373548 2.327437 -0.046080
0.373548 6.302555 -0.436628
0.373548 6.541906 -0.453348
0.373548 7.283812 -0.453920
0.377368 1.124582 -0.064948
0.377368 1.555717 -0.049697
0.377368 2.205352 -0.048711
0.377368 6.271570 -0.435052
0.377368 6.505748 -0.450303
0.377368 7.180189 -0.451289
0.381187 1.054114 -0.066472
0.381187 1.464391 -0.052679
0.381187 2.079291 -0.051362
0.381187 6.242063 -0.433528
0.381187 6.466851 -0.447321
0.381187 7.073766 -0.448638
0.385006 0.982746 -0.067936
0.385006 1.370766 -0.055585
0.385006 1.949408 -0.054026
0.385006 6.214131 -0.432064
0.385006 6.425765 -0.444415
0.385006 6.965639 -0.445974
0.388825 0.910533 -0.069331
0.388825 1.274959 -0.058405
0.388825 1.815857 -0.056692
0.388825 6.187866 -0.430669
0.388825 6.383122 -0.441595
0.388825 6.857024 -0.443308
0.392645 0.837530 -0.070649
0.392645 1.177076 -0.061122
0.392645 1.678794 -0.059343
0.392645 6.163356 -0.429351
0.392645 6.339634 -0.438878
0.392645 6.749240 -0.440657
0.396464 0.763793 -0.071882
0.396464 1.077222 -0.063721
0.396464 1.538382 -0.061959
0.396464 6.140684 -0.428118
0.396464 6.296071 -0.436279
0.396464 6.643699 -0.438041
0.400283 0.689383 -0.073023
0.400283 0.975505 -0.066182
0.400283 1.394795 -0.064513
0.400283 6.119927 -0.426977
0.400283 6.253247 -0.433818
0.400283 6.541880 -0.435487
0.404102 0.614361 -0.074065
0.404102 0.872038 -0.068481
0.404102 1.248224 -0.066972
0.404102 6.101155 -0.425935
0.404102 6.211998 -0.431519
0.404102 6.445306 -0.433028
0.407921 0.538789 -0.075001
0.407921 0.766947 -0.070596
0.407921 1.098881 -0.069298
0.407921 6.084434 -0.424999
0.407921 6.173162 -0.429404
0.407921 6.355513 -0.430702
0.411741 0.462733 -0.075826
0.411741 0.660371 -0.072500
0.411741 0.947005 -0.071446
0.411741 6.069822 -0.424174
0.411741 6.137555 -0.427500
0.411741 6.274004 -0.428554
0.415560 0.386258 -0.076533
0.415560 0.552470 -0.074168
0.415560 0.792865 -0.073372
0.415560 6.057369 -0.423467
0.415560 6.105946 -0.425832
0.415560 6.202215 -0.426628
0.419379 0.309433 -0.077118
0.419379 0.443423 -0.075574
0.419379 0.636766 -0.075028
0.419379 6.047120 -0.422882
0.419379 6.079036 -0.424426
0.419379 6.141467 -0.424972
0.423198 0.232326 -0.077577
0.423198 0.333428 -0.076695
0.423198 0.479046 -0.076371
0.423198 6.039110 -0.422423
0.423198 6.057432 -0.423305
0.423198 6.092918 -0.423629
0.427018 0.155009 -0.077907
0.427018 0.222704 -0.077510
0.427018 0.320078 -0.077361
0.427018 6.033369 -0.422093
0.427018 6.041630 -0.422490
0.427018 6.057521 -0.422639
0.430837 0.077557 -0.078106
0.430837 0.111490 -0.078006
0.430837 0.160262 -0.077968
0.430837 6.029916 -0.421894
0.430837 6.031999 -0.421994
0.430837 6.035990 -0.422032
0.434656 0.001882 -0.078173
0.434656 0.001882 -0.078173
0.434656 0.001882 -0.078173
0.434656 6.028763 -0.421827
0.434656 6.028763 -0.421827
0.434656 6.028763 -0.421827
0.434656 0.001882 -0.078173
0.434656 0.001882 -0.078173
0.434656 0.001882 -0.078173
0.434656 6.028763 -0.421827
0.434656 6.028763 -0.421827
0.434656 6.028763 -0.421827
0.437775 0.082847 -0.078084
0.437775 0.082847 -0.078084
0.437775 0.125324 -0.078058
0.437775 6.030458 -0.421916
0.437775 6.030458 -0.421916
0.437775 6.033120 -0.421942
0.440893 0.165543 -0.077819
0.440893 0.165543 -0.077819
0.440893 0.250484 -0.077718
0.440893 6.035522 -0.422181
0.440893 6.035522 -0.422181
0.440893 6.046137 -0.422282
0.444011 0.248012 -0.077379
0.444011 0.248012 -0.077379
0.444011 0.375364 -0.077157
0.444011 6.043885 -0.422621
0.444011 6.043885 -0.422621
0.444011 6.067651 -0.422843
0.447130 0.330133 -0.076771
0.447130 0.330133 -0.076771
0.447130 0.499826 -0.076386
0.447130 6.055438 -0.423229
0.447130 6.055438 -0.423229
0.447130 6.097394 -0.423614
0.450248 0.411796 -0.075998
0.450248 0.411796 -0.075998
0.450248 0.623740 -0.075418
0.450248 6.070027 -0.424002
0.450248 6.070027 -0.424002
0.450248 6.135004 -0.424582
0.453367 0.492896 -0.075070
0.453367 0.492896 -0.075070
0.453367 0.746985 -0.074270
0.453367 6.087465 -0.424930
0.453367 6.087465 -0.424930
0.453367 6.180032 -0.425730
0.456485 0.573333 -0.073995
0.456485 0.573333 -0.073995
0.456485 0.869450 -0.072959
0.456485 6.107526 -0.426005
0.456485 6.107526 -0.426005
0.456485 6.231951 -0.427041
0.459603 0.653015 -0.072781
0.459603 0.653015 -0.072781
0.459603 0.991033 -0.071505
0.459603 6.129958 -0.427219
0.459603 6.129958 -0.427219
0.459603 6.290175 -0.428495
0.462722 0.731857 -0.071438
0.462722 0.731857 -0.071438
0.462722 1.111642 -0.069926
0.462722 6.154484 -0.428562
0.462722 6.154484 -0.428562
0.462722 6.354066 -0.430074
0.465840 0.809781 -0.069978
0.465840 0.809781 -0.069978
0.465840 1.231194 -0.068241
0.465840 6.180808 -0.430022
0.465840 6.180808 -0.430022
0.465840 6.422951 -0.431759
0.468959 0.886715 -0.068410
0.468959 0.886715 -0.068410
0.468959 1.349615 -0.066468
0.468959 6.208619 -0.431590
0.468959 6.208619 -0.431590
0.468959 6.496135 -0.433532
0.472077 0.962595 -0.066743
0.472077 0.962595 -0.066743
0.472077 1.466836 -0.064622
0.472077 6.237601 -0.433257
0.472077 6.237601 -0.433257
0.472077 6.572913 -0.435378
0.475195 1.037361 -0.064989
0.475195 1.037361 -0.064989
0.475195 1.582795 -0.062720
0.475195 6.267434 -0.435011
0.475195 6.267434 -0.435011
0.475195 6.652581 -0.437280
0.478314 1.110962 -0.063156
0.478314 1.110962 -0.063156
0.478314 1.697433 -0.060772
0.478314 6.297800 -0.436844
0.478314 6.297800 -0.436844
0.478314 6.734446 -0.439228
0.481432 1.183348 -0.061253
0.481432 1.183348 -0.061253
0.481432 1.810694 -0.058790
0.481432 6.328389 -0.438747
0.481432 6.328389 -0.438747
0.481432 6.817837 -0.441210
0.484550 1.254475 -0.059287
0.484550 1.254475 -0.059287
0.484550 1.922521 -0.056783
0.484550 6.358904 -0.440713
0.484550 6.358904 -0.440713
0.484550 6.902111 -0.443217
0.487669 1.324302 -0.057267
0.487669 1.324302 -0.057267
0.487669 2.032858 -0.054758
0.487669 6.389062 -0.442733
0.487669 6.389062 -0.442733
0.487669 6.986659 -0.445242
0.490787 1.392789 -0.055199
0.490787 1.392789 -0.055199
0.490787 2.141647 -0.052720
0.490787 6.418600 -0.444801
0.490787 6.418600 -0.444801
0.490787 7.070911 -0.447280
0.493906 1.459898 -0.053089
0.493906 1.459898 -0.053089
0.493906 2.248827 -0.050672
0.493906 6.447278 -0.446911
0.493906 6.447278 -0.446911
0.493906 7.154339 -0.449328
0.497024 1.525593 -0.050943
0.497024 1.525593 -0.050943
0.497024 2.354332 -0.048619
0.497024 6.474880 -0.449057
0.497024 6.474880 -0.449057
0.497024 7.236463 -0.451381
0.500142 1.589835 -0.048766
0.500142 1.589835 -0.048766
0.500142 2.458093 -0.046561
0.500142 6.501215 -0.451234
0.500142 6.501215 -0.451234
0.500142 7.316847 -0.453439
0.503261 1.652587 -0.046563
0.503261 1.652587 -0.046563
0.503261 2.560035 -0.044501
0.503261 6.526121 -0.453437
0.503261 6.526121 -0.453437
0.503261 7.395107 -0.455499
0.506379 1.713809 -0.044337
0.506379 1.713809 -0.044337
0.506379 2.660077 -0.042438
0.506379 6.549465 -0.455663
0.506379 6.549465 -0.455663
0.506379 7.470902 -0.457562
0.509498 1.773461 -0.042095
0.509498 1.773461 -0.042095
0.509498 2.758132 -0.040373
0.509498 6.571141 -0.457905
0.509498 6.571141 -0.457905
0.509498 7.543943 -0.459627
0.512616 1.831500 -0.039840
0.512616 1.831500 -0.039840
0.512616 2.854106 -0.038306
0.512616 6.591071 -0.460160
0.512616 6.591071 -0.460160
0.512616 7.613985 -0.461694
0.515734 1.887882 -0.037576
0.515734 1.887882 -0.037576
0.515734 2.947900 -0.036237
0.515734 6.609207 -0.462424
0.515734 6.609207 -0.462424
0.515734 7.680827 -0.463763
0.518853 1.942558 -0.035309
0.518853 1.942558 -0.035309
0.518853 3.039408 -0.034168
0.518853 6.625526 -0.464691
0.518853 6.625526 -0.464691
0.518853 7.744315 -0.465832
0.521971 1.995481 -0.033044
0.521971 1.995481 -0.033044
0.521971 3.128515 -0.032100
0.521971 6.640031 -0.466956
0.521971 6.640031 -0.466956
0.521971 7.804331 -0.467900
0.525089 2.046598 -0.030786
0.525089 2.046598 -0.030786
0.525089 3.215103 -0.030034
0.525089 6.652749 -0.469214
0.525089 6.652749 -0.469214
0.525089 7.860801 -0.469966
0.528208 2.095857 -0.028541
0.528208 2.095857 -0.028541
0.528208 3.299046 -0.027972
0.528208 6.663728 -0.471459
0.528208 6.663728 -0.471459
0.528208 7.913681 -0.472028
0.531326 2.143202 -0.026316
0.531326 2.143202 -0.026316
0.531326 3.380212 -0.025918
0.531326 6.673037 -0.473684
0.531326 6.673037 -0.473684
0.531326 7.962966 -0.474082
0.534445 2.188577 -0.024117
0.534445 2.188577 -0.024117
0.534445 3.458466 -0.023876
0.534445 6.680763 -0.475883
0.534445 6.680763 -0.475883
0.534445 8.008678 -0.476124
0.537563 2.231925 -0.021954
0.537563 2.231925 -0.021954
0.537563 3.533667 -0.021852
0.537563 6.687007 -0.478046
0.537563 6.687007 -0.478046
0.537563 8.050867 -0.478148
0.540682 2.273187 -0.019834
0.540682 2.273187 -0.019834
0.540682 3.605668 -0.019852
0.540682 6.691885 -0.480166
0.540682 6.691885 -0.480166
0.540682 8.089607 -0.480148
0.543800 2.312306 -0.017766
0.543800 2.312306 -0.017766
0.543800 3.674322 -0.017884
0.543800 6.695520 -0.482234
0.543800 6.695520 -0.482234
0.543800 8.124994 -0.482116
0.546918 2.349224 -0.015760
0.546918 2.349224 -0.015760
0.546918 3.739478 -0.015957
0.546918 6.698047 -0.484240
0.546918 6.698047 -0.484240
0.546918 8.157140 -0.484043
0.550037 2.383883 -0.013827
0.550037 2.383883 -0.013827
0.550037 3.800986 -0.014081
0.550037 6.699602 -0.486173
0.550037 6.699602 -0.486173
0.550037 8.186174 -0.485919
0.553155 2.416229 -0.011977
0.553155 2.416229 -0.011977
0.553155 3.858695 -0.012266
0.553155 6.700327 -0.488023
0.553155 6.700327 -0.488023
0.553155 8.212235 -0.487734
0.556273 2.446208 -0.010220
0.556273 2.446208 -0.010220
0.556273 3.912454 -0.010526
0.556273 6.700364 -0.489780
0.556273 6.700364 -0.489780
0.556273 8.235468 -0.489474
0.559392 2.473768 -0.008568
0.559392 2.473768 -0.008568
0.559392 3.962118 -0.008873
0.559392 6.699850 -0.491432
0.559392 6.699850 -0.491432
0.559392 8.256025 -0.491127
0.562510 2.498861 -0.007033
0.562510 2.498861 -0.007033
0.562510 4.007545 -0.007320
0.562510 6.698922 -0.492967
0.562510 6.698922 -0.492967
0.562510 8.274057 -0.492680
0.565629 2.521442 -0.005624
0.565629 2.521442 -0.005624
0.565629 4.048599 -0.005882
0.565629 6.697708 -0.494376
0.565629 6.697708 -0.494376
0.565629 8.289714 -0.494118
0.568747 2.541468 -0.004352
0.568747 2.541468 -0.004352
0.568747 4.085155 -0.004572
0.568747 6.696329 -0.495648
0.568747 6.696329 -0.495648
0.568747 8.303141 -0.495428
0.571865 2.558904 -0.003228
0.571865 2.558904 -0.003228
0.571865 4.117093 -0.003405
0.571865 6.694895 -0.496772
0.571865 6.694895 -0.496772
0.571865 8.314472 -0.496595
0.574984 2.573715 -0.002260
0.574984 2.573715 -0.002260
0.574984 4.144308 -0.002392
0.574984 6.693506 -0.497740
0.574984 6.693506 -0.497740
0.574984 8.323833 -0.497608
0.578102 2.585873 -0.001456
0.578102 2.585873 -0.001456
0.578102 4.166708 -0.001545
0.578102 6.692247 -0.498544
0.578102 6.692247 -0.498544
0.578102 8.331332 -0.498455
0.581221 2.595354 -0.000823
0.581221 2.595354 -0.000823
0.581221 4.184214 -0.000876
0.581221 6.691192 -0.499177
0.581221 6.691192 -0.499177
0.581221 8.337064 -0.499124
0.584339 2.602139 -0.000367
0.584339 2.602139 -0.000367
0.584339 4.196764 -0.000391
0.584339 6.690396 -0.499633
0.584339 6.690396 -0.499633
0.584339 8.341103 -0.499609
0.587457 2.606216 -0.000092
0.587457 2.606216 -0.000092
0.587457 4.204312 -0.000098
0.587457 6.689902 -0.499908
0.587457 6.689902 -0.499908
0.587457 8.343504 -0.499902
0.590576 2.607576 -0.000000
0.590576 2.607576 -0.000000
0.590576 4.206831 -0.000000
0.590576 6.689735 -0.500000
0.590576 6.689735 -0.500000
0.590576 8.344301 -0.500000
0.590576 2.607576 -0.000000
0.590576 2.607576 -0.000000
0.590576 4.206831 -0.000000
0.590576 6.689735 -0.500000
0.590576 6.689735 -0.500000
0.590576 8.344301 -0.500000
0.593122 2.607337 -0.000016
0.593122 2.607712 -0.000018
0.593122 4.206023 -0.000012
0.593122 6.689718 -0.499984
0.593122 6.690545 -0.499972
0.593122 8.343793 -0.499998
0.595668 2.606624 -0.000065
0.595668 2.608117 -0.000074
0.595668 4.203599 -0.000048
0.595668 6.689669 -0.499935
0.595668 6.692969 -0.499888
0.595668 8.342270 -0.499991
0.598214 2.605445 -0.000145
0.598214 2.608786 -0.000166
0.598214 4.199565 -0.000107
0.598214 6.689596 -0.499854
0.598214 6.696986 -0.499748
0.598214 8.339727 -0.499980
0.600760 2.603815 -0.000257
0.600760 2.609710 -0.000295
0.600760 4.193926 -0.000189
0.600760 6.689510 -0.499741
0.600760 6.702565 -0.499554
0.600760 8.336161 -0.499964
0.603307 2.601751 -0.000400
0.603307 2.610875 -0.000461
0.603307 4.186694 -0.000293
0.603307 6.689429 -0.499596
0.603307 6.709659 -0.499308
0.603307 8.331565 -0.499943
0.605853 2.599279 -0.000571
0.605853 2.612266 -0.000664
0.605853 4.177881 -0.000418
0.605853 6.689374 -0.499419
0.605853 6.718211 -0.499011
0.605853 8.325932 -0.499917
0.608399 2.596429 -0.000771
0.608399 2.613863 -0.000904
0.608399 4.167503 -0.000564
0.608399 6.689370 -0.499211
0.608399 6.728154 -0.498665
0.608399 8.319252 -0.499885
0.610945 2.593233 -0.000997
0.610945 2.615643 -0.001180
0.610945 4.155578 -0.000728
0.610945 6.689447 -0.498973
0.610945 6.739409 -0.498274
0.610945 8.311516 -0.499847
0.613491 2.589728 -0.001249
0.613491 2.617583 -0.001492
0.613491 4.142129 -0.000911
0.613491 6.689638 -0.498705
0.613491 6.751889 -0.497840
0.613491 8.302713 -0.499802
0.616037 2.585957 -0.001525
0.616037 2.619654 -0.001841
0.616037 4.127180 -0.001109
0.616037 6.689979 -0.498408
0.616037 6.765499 -0.497366
0.616037 8.292833 -0.499751
0.618583 2.581963 -0.001823
0.618583 2.621827 -0.002225
0.618583 4.110760 -0.001322
0.618583 6.690509 -0.498084
0.618583 6.780139 -0.496855
0.618583 8.281866 -0.499691
0.621130 2.577792 -0.002141
0.621130 2.624073 -0.002644
0.621130 4.092899 -0.001549
0.621130 6.691270 -0.497733
0.621130 6.795702 -0.496310
0.621130 8.269802 -0.499624
0.623676 2.573494 -0.002479
0.623676 2.626358 -0.003097
0.623676 4.073632 -0.001787
0.623676 6.692306 -0.497356
0.623676 6.812077 -0.495734
0.623676 8.256633 -0.499547
0.626222 2.569118 -0.002835
0.626222 2.628650 -0.003585
0.626222 4.052996 -0.002034
0.626222 6.693662 -0.496956
0.626222 6.829152 -0.495131
0.626222 8.242354 -0.499460
0.628768 2.564715 -0.003208
0.628768 2.630918 -0.004105
0.628768 4.031034 -0.002290
0.628768 6.695384 -0.496533
0.628768 6.846812 -0.494502
0.628768 8.226958 -0.499362
0.631314 2.560337 -0.003597
0.631314 2.633127 -0.004657
0.631314 4.007790 -0.002551
0.631314 6.697520 -0.496091
0.631314 6.864943 -0.493852
0.631314 8.210446 -0.499253
0.633860 2.556036 -0.004000
0.633860 2.635246 -0.005239
0.633860 3.983314 -0.002817
0.633860 6.700115 -0.495631
0.633860 6.883433 -0.493183
0.633860 8.192818 -0.499131
0.636407 2.551862 -0.004418
0.636407 2.637244 -0.005850
0.636407 3.957656 -0.003084
0.636407 6.703216 -0.495155
0.636407 6.902170 -0.492498
0.636407 8.174079 -0.498995
0.638953 2.547867 -0.004849
0.638953 2.639091 -0.006488
0.638953 3.930876 -0.003351
0.638953 6.706868 -0.494667
0.638953 6.921046 -0.491799
0.638953 8.154237 -0.498845
0.641499 2.544098 -0.005294
0.641499 2.640761 -0.007152
0.641499 3.903032 -0.003616
0.641499 6.711117 -0.494168
0.641499 6.939957 -0.491089
0.641499 8.133307 -0.498680
0.644045 2.540604 -0.005752
0.644045 2.642227 -0.007838
0.644045 3.874191 -0.003877
0.644045 6.716003 -0.493663
0.644045 6.958805 -0.490371
0.644045 8.111305 -0.498498
0.646591 2.537430 -0.006223
0.646591 2.643467 -0.008546
0.646591 3.844422 -0.004130
0.646591 6.721568 -0.493154
0.646591 6.977496 -0.489647
0.646591 8.088253 -0.498300
0.649137 2.534619 -0.006708
0.649137 2.644461 -0.009273
0.649137 3.813800 -0.004374
0.649137 6.727849 -0.492645
0.649137 6.995943 -0.488918
0.649137 8.064178 -0.498083
0.651683 2.532210 -0.007206
0.651683 2.645194 -0.010015
0.651683 3.782403 -0.004606
0.651683 6.734882 -0.492139
0.651683 7.014064 -0.488188
0.651683 8.039112 -0.497847
0.654230 2.530242 -0.007718
0.654230 2.645653 -0.010770
0.654230 3.750316 -0.004823
0.654230 6.742699 -0.491639
0.654230 7.031786 -0.487459
0.654230 8.013093 -0.497591
0.656776 2.528748 -0.008246
0.656776 2.645829 -0.011535
0.656776 3.717628 -0.005021
0.656776 6.751329 -0.491150
0.656776 7.049041 -0.486733
0.656776 7.986162 -0.497315
0.659322 2.527759 -0.008789
0.659322 2.645718 -0.012306
0.659322 3.684434 -0.005199
0.659322 6.760798 -0.490676
0.659322 7.065770 -0.486011
0.659322 7.958365 -0.497018
0.661868 2.527301 -0.009350
0.661868 2.645320 -0.013082
0.661868 3.650832 -0.005353
0.661868 6.771128 -0.490219
0.661868 7.081921 -0.485297
0.661868 7.929754 -0.496700
0.664414 2.527396 -0.009928
0.664414 2.644639 -0.013857
0.664414 3.616929 -0.005479
0.664414 6.782339 -0.489784
0.664414 7.097447 -0.484593
0.664414 7.900385 -0.496359
0.666960 2.528064 -0.010525
0.666960 2.643685 -0.014629
0.666960 3.582836 -0.005575
0.666960 6.794446 -0.489374
0.666960 7.112310 -0.483900
0.666960 7.870317 -0.495997
0.669507 2.529316 -0.011143
0.669507 2.642469 -0.015395
0.669507 3.548669 -0.005636
0.669507 6.807461 -0.488994
0.669507 7.126478 -0.483221
0.669507 7.839614 -0.495612
0.672053 2.531159 -0.011782
0.672053 2.641012 -0.016149
0.672053 3.514551 -0.005659
0.672053 6.821395 -0.488646
0.672053 7.139925 -0.482559
0.672053 7.808341 -0.495205
0.674599 2.533596 -0.012444
0.674599 2.639333 -0.016890
0.674599 3.480614 -0.005641
0.674599 6.836252 -0.488334
0.674599 7.152632 -0.481915
0.674599 7.776569 -0.494776
0.677145 2.536620 -0.013130
0.677145 2.637460 -0.017613
0.677145 3.446992 -0.005577
0.677145 6.852036 -0.488062
0.677145 7.164585 -0.481292
0.677145 7.744369 -0.494325
0.679691 2.540217 -0.013842
0.679691 2.635422 -0.018315
0.679691 3.413831 -0.005466
0.679691 6.868746 -0.487832
0.679691 7.175774 -0.480692
0.679691 7.711814 -0.493853
0.682237 2.544364 -0.014579
0.682237 2.633253 -0.018992
0.682237 3.381282 -0.005303
0.682237 6.886378 -0.487649
0.682237 7.186194 -0.480118
0.682237 7.678979 -0.493359
0.684784 2.549027 -0.015343
0.684784 2.630988 -0.019640
0.684784 3.349507 -0.005086
0.684784 6.904927 -0.487515
0.684784 7.195845 -0.479572
0.684784 7.645940 -0.492845
0.687330 2.554159 -0.016132
0.687330 2.628666 -0.020257
0.687330 3.318679 -0.004813
0.687330 6.924383 -0.487435
0.687330 7.204730 -0.479055
0.687330 7.612771 -0.492309
0.689876 2.559699 -0.016945
0.689876 2.626326 -0.020838
0.689876 3.288980 -0.004484
0.689876 6.944734 -0.487411
0.689876 7.212853 -0.478571
0.689876 7.579551 -0.491751
0.692422 2.565566 -0.017780
0.692422 2.624011 -0.021381
0.692422 3.260606 -0.004099
0.692422 6.965963 -0.487449
0.692422 7.220221 -0.478120
0.692422 7.546354 -0.491171
0.694968 2.571661 -0.018631
0.694968 2.621761 -0.021882
0.694968 3.233770 -0.003663
0.694968 6.988050 -0.487554
0.694968 7.226845 -0.477706
0.694968 7.513258 -0.490564
0.697514 2.577864 -0.019489
0.697514 2.619616 -0.022339
0.697514 3.208699 -0.003181
0.697514 7.010970 -0.487735
0.697514 7.232733 -0.477330
0.697514 7.480341 -0.489926
0.700060 2.584027 -0.020342
0.700060 2.617617 -0.022749
0.700060 3.185636 -0.002664
0.700060 7.034688 -0.488005
0.700060 7.237896 -0.476994
0.700060 7.447685 -0.489246
0.702607 2.589982 -0.021173
0.702607 2.615800 -0.023110
0.702607 3.164841 -0.002128
0.702607 7.059159 -0.488385
0.702607 7.242346 -0.476699
0.702607 7.415377 -0.488506
0.705153 2.595537 -0.021959
0.705153 2.614200 -0.023418
0.705153 3.146587 -0.001594
0.705153 7.084315 -0.488910
0.705153 7.246091 -0.476448
0.705153 7.383525 -0.487672
0.707699 2.600485 -0.022671
0.707699 2.612847 -0.023674
0.707699 3.131149 -0.001090
0.707699 7.110042 -0.489649
0.707699 7.249141 -0.476240
0.707699 7.352274 -0.486677
0.710245 2.604616 -0.023276
0.710245 2.611766 -0.023874
0.710245 3.118796 -0.000647
0.710245 7.136114 -0.490752
0.710245 7.251504 -0.476077
0.710245 7.321877 -0.485374
0.712791 2.607735 -0.023740
0.712791 2.610979 -0.024018
0.712791 3.109771 -0.000300
0.712791 7.161961 -0.492582
0.712791 7.253188 -0.475960
0.712791 7.292926 -0.483400
0.715337 2.609679 -0.024033
0.715337 2.610500 -0.024105
0.715337 3.104270 -0.000077
0.715337 7.185579 -0.496048
0.715337 7.254196 -0.475890
0.715337 7.267439 -0.479848
0.717884 2.610340 -0.024134
0.717884 2.610340 -0.024134
0.717884 3.102421 -0.000000
0.717884 7.197863 -0.500000
0.717884 7.254531 -0.475866
0.717884 7.254531 -0.475866
0.717884 2.610340 -0.024134
0.717884 2.610340 -0.024134
0.717884 3.102421 -0.000000
0.717884 7.197863 -0.500000
0.717884 7.254531 -0.475866
0.717884 7.254531 -0.475866
0.719684 2.597220 -0.024523
0.719684 2.623273 -0.023753
0.719684 3.101644 -0.000034
0.719684 7.197276 -0.499966
0.719684 7.238987 -0.475477
0.719684 7.269791 -0.476247
0.721484 2.583923 -0.024920
0.721484 2.636011 -0.023382
0.721484 3.099315 -0.000135
0.721484 7.195518 -0.499865
0.721484 7.223173 -0.475080
0.721484 7.284752 -0.476618
0.723285 2.570456 -0.025326
0.723285 2.648548 -0.023019
0.723285 3.095436 -0.000304
0.723285 7.192597 -0.499696
0.723285 7.207104 -0.474674
0.723285 7.299403 -0.476981
0.725085 2.556830 -0.025741
0.725085 2.660877 -0.022665
0.725085 3.090014 -0.000540
0.725085 7.188523 -0.499460
0.725085 7.190798 -0.474259
0.725085 7.313731 -0.477335
0.726886 2.543055 -0.026163
0.726886 2.672991 -0.022320
0.726886 3.083054 -0.000843
0.726886 7.174272 -0.473837
0.726886 7.183313 -0.499157
0.726886 7.327728 -0.477680
0.728686 2.529141 -0.026593
0.728686 2.684884 -0.021984
0.728686 3.074568 -0.001212
0.728686 7.157546 -0.473407
0.728686 7.176990 -0.498788
0.728686 7.341382 -0.478016
0.730487 2.515100 -0.027030
0.730487 2.696551 -0.021657
0.730487 3.064568 -0.001648
0.730487 7.140639 -0.472970
0.730487 7.169578 -0.498352
0.730487 7.354688 -0.478343
0.732287 2.500943 -0.027475
0.732287 2.707987 -0.021338
0.732287 3.053068 -0.002149
0.732287 7.123572 -0.472525
0.732287 7.161108 -0.497851
0.732287 7.367637 -0.478662
0.734087 2.486684 -0.027926
0.734087 2.719186 -0.021029
0.734087 3.040085 -0.002715
0.734087 7.106368 -0.472074
0.734087 7.151614 -0.497285
0.734087 7.380223 -0.478971
0.735888 2.472337 -0.028384
0.735888 2.730146 -0.020729
0.735888 3.025639 -0.003346
0.735888 7.089049 -0.471616
0.735888 7.141136 -0.496654
0.735888 7.392442 -0.479271
0.737688 2.457915 -0.028848
0.737688 2.740861 -0.020438
0.737688 3.009754 -0.004039
0.737688 7.071639 -0.471152
0.737688 7.129716 -0.495961
0.737688 7.404290 -0.479562
0.739488 2.443434 -0.029317
0.739488 2.751328 -0.020155
0.739488 2.992455 -0.004793
0.739488 7.054162 -0.470683
0.739488 7.117400 -0.495207
0.739488 7.415763 -0.479845
0.741289 2.428909 -0.029791
0.741289 2.761544 -0.019881
0.741289 2.973773 -0.005609
0.741289 7.036645 -0.470209
0.741289 7.104239 -0.494391
0.741289 7.426859 -0.480119
0.743089 2.414357 -0.030270
0.743089 2.771505 -0.019616
0.743089 2.953740 -0.006482
0.743089 7.019113 -0.469730
0.743089 7.090286 -0.493518
0.743089 7.437578 -0.480384
0.744890 2.399795 -0.030752
0.744890 2.781210 -0.019359
0.744890 2.932393 -0.007413
0.744890 7.001593 -0.469248
0.744890 7.075599 -0.492587
0.744890 7.447919 -0.480641
0.746690 2.385242 -0.031238
0.746690 2.790654 -0.019111
0.746690 2.909773 -0.008399
0.746690 6.984114 -0.468762
0.746690 7.060237 -0.491601
0.746690 7.457882 -0.480889
0.748490 2.370717 -0.031725
0.748490 2.799837 -0.018872
0.748490 2.885926 -0.009437
0.748490 6.966702 -0.468275
0.748490 7.044263 -0.490563
0.748490 7.467469 -0.481128
0.750291 2.356239 -0.032215
0.750291 2.808755 -0.018640
0.750291 2.860902 -0.010524
0.750291 6.949387 -0.467785
0.750291 7.027741 -0.489476
0.750291 7.476682 -0.481360
0.752091 2.341830 -0.032706
0.752091 2.817408 -0.018417
0.752091 2.834757 -0.011659
0.752091 6.932197 -0.467294
0.752091 7.010739 -0.488341
0.752091 7.485523 -0.481583
0.753892 2.327510 -0.033196
0.753892 2.807551 -0.012836
0.753892 2.825793 -0.018203
0.753892 6.915163 -0.466804
0.753892 6.993325 -0.487164
0.753892 7.493996 -0.481797
0.755692 2.313302 -0.033686
0.755692 2.779350 -0.014054
0.755692 2.833909 -0.017996
0.755692 6.898313 -0.466314
0.755692 6.975571 -0.485946
0.755692 7.502104 -0.482004
0.757493 2.299228 -0.034174
0.757493 2.750228 -0.015308
0.757493 2.841755 -0.017797
0.757493 6.881678 -0.465826
0.757493 6.957547 -0.484692
0.757493 7.509852 -0.482203
0.759293 2.285314 -0.034659
0.759293 2.720263 -0.016593
0.759293 2.849330 -0.017606
0.759293 6.865287 -0.465341
0.759293 6.939326 -0.483407
0.759293 7.517246 -0.482394
0.761093 2.271582 -0.035141
0.761093 2.689541 -0.017905
0.761093 2.856632 -0.017423
0.761093 6.849171 -0.464859
0.761093 6.920982 -0.482095
0.761093 7.524289 -0.482577
0.762894 2.258058 -0.035618
0.762894 2.658154 -0.019239
0.762894 2.863661 -0.017248
0.762894 6.833360 -0.464382
0.762894 6.902587 -0.480761
0.762894 7.530989 -0.482752
0.764694 2.244767 -0.036088
0.764694 2.626203 -0.020590
0.764694 2.870416 -0.017081
0.764694 6.817884 -0.463912
0.764694 6.884216 -0.479410
0.764694 7.537351 -0.482919
0.766494 2.231737 -0.036552
0.766494 2.593794 -0.021953
0.766494 2.876896 -0.016921
0.766494 6.802771 -0.463448
0.766494 6.865940 -0.478047
0.766494 7.543382 -0.483079
0.768295 2.218992 -0.037008
0.768295 2.561044 -0.023322
0.768295 2.883101 -0.016768
0.768295 6.788052 -0.462992
0.768295 6.847834 -0.476678
0.768295 7.549088 -0.483232
0.770095 2.206560 -0.037454
0.770095 2.528075 -0.024690
0.770095 2.889031 -0.016623
0.770095 6.773755 -0.462546
0.770095 6.829967 -0.475310
0.770095 7.554476 -0.483377
0.771896 2.194469 -0.037890
0.771896 2.495018 -0.026052
0.771896 2.894686 -0.016485
0.771896 6.759909 -0.462110
0.771896 6.812410 -0.473948
0.771896 7.559554 -0.483515
0.773696 2.182745 -0.038315
0.773696 2.462013 -0.027402
0.773696 2.900064 -0.016354
0.773696 6.746541 -0.461685
0.773696 6.795231 -0.472598
0.773696 7.564327 -0.483646
0.775497 2.171416 -0.038726
0.775497 2.429206 -0.028733
0.775497 2.905166 -0.016231
0.775497 6.733679 -0.461274
0.775497 6.778498 -0.471267
0.775497 7.568804 -0.483769
0.777297 2.160509 -0.039124
0.777297 2.396751 -0.030038
0.777297 2.909992 -0.016115
0.777297 6.721348 -0.460876
0.777297 6.762275 -0.469962
0.777297 7.572991 -0.483885
0.779097 2.150052 -0.039506
0.779097 2.364810 -0.031312
0.779097 2.914542 -0.016005
0.779097 6.709574 -0.460494
0.779097 6.746624 -0.468688
0.779097 7.576895 -0.483995
0.780898 2.140070 -0.039872
0.780898 2.333550 -0.032548
0.780898 2.918815 -0.015903
0.780898 6.698382 -0.460128
0.780898 6.731604 -0.467452
0.780898 7.580522 -0.484097
0.782698 2.130590 -0.040221
0.782698 2.303143 -0.033738
0.782698 2.922812 -0.015807
0.782698 6.687795 -0.459779
0.782698 6.717274 -0.466262
0.782698 7.583881 -0.484193
0.784499 2.121637 -0.040550
0.784499 2.273767 -0.034878
0.784499 2.926532 -0.015719
0.784499 6.677835 -0.459450
0.784499 6.703688 -0.465122
0.784499 7.586977 -0.484281
0.786299 2.113237 -0.040861
0.786299 2.245602 -0.035961
0.786299 2.929977 -0.015637
0.786299 6.668524 -0.459139
0.786299 6.690895 -0.464039
0.786299 7.589816 -0.484363
0.788099 2.105412 -0.041150
0.788099 2.218829 -0.036981
0.788099 2.933145 -0.015562
0.788099 6.659882 -0.458850
0.788099 6.678946 -0.463019
0.788099 7.592405 -0.484438
0.789900 2.098185 -0.041418
0.789900 2.193630 -0.037933
0.789900 2.936037 -0.015493
0.789900 6.651926 -0.458582
0.789900 6.667882 -0.462067
0.789900 7.594748 -0.484507
0.791700 2.091578 -0.041664
0.791700 2.170181 -0.038811
0.791700 2.938654 -0.015432
0.791700 6.644675 -0.458336
0.791700 6.657747 -0.461189
0.791700 7.596852 -0.484568
0.793501 2.085610 -0.041886
0.793501 2.148656 -0.039611
0.793501 2.940994 -0.015376
0.793501 6.638144 -0.458114
0.793501 6.648576 -0.460389
0.793501 7.598720 -0.484624
0.795301 2.080299 -0.042083
0.795301 2.129221 -0.040327
0.795301 2.943059 -0.015328
0.795301 6.632347 -0.457917
0.795301 6.640405 -0.459673
0.795301 7.600358 -0.484672
0.797101 2.075662 -0.042256
0.797101 2.112029 -0.040957
0.797101 2.944848 -0.015286
0.797101 6.627297 -0.457744
0.797101 6.633262 -0.459043
0.797101 7.601769 -0.484714
0.798902 2.071713 -0.042404
0.798902 2.097223 -0.041496
0.798902 2.946362 -0.015250
0.798902 6.623004 -0.457596
0.798902 6.627173 -0.458504
0.798902 7.602958 -0.484750
0.800702 2.068465 -0.042525
0.800702 2.084927 -0.041941
0.800702 2.947601 -0.015221
0.800702 6.619479 -0.457475
0.800702 6.622161 -0.458059
0.800702 7.603926 -0.484779
0.802503 2.065927 -0.042620
0.802503 2.075247 -0.042290
0.802503 2.948564 -0.015198
0.802503 6.616730 -0.457380
0.802503 6.618244 -0.457710
0.802503 7.604676 -0.484802
0.804303 2.064109 -0.042688
0.804303 2.068271 -0.042541
0.804303 2.949252 -0.015182
0.804303 6.614761 -0.457312
0.804303 6.615437 -0.457459
0.804303 7.605210 -0.484818
0.806103 2.063016 -0.042729
0.806103 2.064059 -0.042692
0.806103 2.949664 -0.015173
0.806103 6.613579 -0.457271
0.806103 6.613748 -0.457308
0.806103 7.605531 -0.484827
0.807904 2.062651 -0.042742
0.807904 2.062651 -0.042742
0.807904 2.949802 -0.015169
0.807904 6.613184 -0.457258
0.807904 6.613184 -0.457258
0.807904 7.605637 -0.484831
