Distance (Angstrom) Frequency (THz) Normalized Amplitude (0-0.5)
0.000000 0.001882 0.421827
0.000000 0.001882 0.421827
0.000000 0.001882 0.421827
0.000000 6.028763 0.078173
0.000000 6.028763 0.078173
0.000000 6.028763 0.078173
0.003601 0.073112 0.421886
0.003601 0.073112 0.421886
0.003601 0.168894 0.422098
0.003601 6.029787 0.078114
0.003601 6.029787 0.078114
0.003601 6.037041 0.077902
0.007202 0.146049 0.422063
0.007202 0.146049 0.422063
0.007202 0.337156 0.422899
0.007202 6.032849 0.077937
0.007202 6.032849 0.077937
0.007202 6.061703 0.077101
0.010802 0.218718 0.422355
0.010802 0.218718 0.422355
0.010802 0.504210 0.424201
0.010802 6.037921 0.077645
0.010802 6.037921 0.077645
0.010802 6.102241 0.075799
0.014403 0.290977 0.422759
0.014403 0.290977 0.422759
0.014403 0.669490 0.425959
0.014403 6.044955 0.077241
0.014403 6.044955 0.077241
0.014403 6.157834 0.074041
0.018004 0.362693 0.423271
0.018004 0.362693 0.423271
0.018004 0.832482 0.428112
0.018004 6.053887 0.076729
0.018004 6.053887 0.076729
0.018004 6.227375 0.071888
0.021605 0.433739 0.423885
0.021605 0.433739 0.423885
0.021605 0.992729 0.430596
0.021605 6.064635 0.076115
0.021605 6.064635 0.076115
0.021605 6.309518 0.069404
0.025206 0.503992 0.424595
0.025206 0.503992 0.424595
0.025206 1.149832 0.433341
0.025206 6.077101 0.075405
0.025206 6.077101 0.075405
0.025206 6.402725 0.066659
0.028806 0.573338 0.425393
0.028806 0.573338 0.425393
0.028806 1.303450 0.436280
0.028806 6.091171 0.074607
0.028806 6.091171 0.074607
0.028806 6.505315 0.063720
0.032407 0.641668 0.426270
0.032407 0.641668 0.426270
0.032407 1.453293 0.439352
0.032407 6.106722 0.073730
0.032407 6.106722 0.073730
0.032407 6.615515 0.060648
0.036008 0.708880 0.427219
0.036008 0.708880 0.427219
0.036008 1.599118 0.442502
0.036008 6.123615 0.072781
0.036008 6.123615 0.072781
0.036008 6.731508 0.057498
0.039609 0.774883 0.428231
0.039609 0.774883 0.428231
0.039609 1.740716 0.445685
0.039609 6.141704 0.071769
0.039609 6.141704 0.071769
0.039609 6.851475 0.054315
0.043210 0.839590 0.429296
0.043210 0.839590 0.429296
0.043210 1.877905 0.448865
0.043210 6.160834 0.070704
0.043210 6.160834 0.070704
0.043210 6.973634 0.051135
0.046810 0.902925 0.430405
0.046810 0.902925 0.430405
0.046810 2.010523 0.452017
0.046810 6.180847 0.069595
0.046810 6.180847 0.069595
0.046810 7.096268 0.047983
0.050411 0.964819 0.431550
0.050411 0.964819 0.431550
0.050411 2.138416 0.455120
0.050411 6.201578 0.068450
0.050411 6.201578 0.068450
0.050411 7.217752 0.044880
0.054012 1.025211 0.432720
0.054012 1.025211 0.432720
0.054012 2.261439 0.458163
0.054012 6.222862 0.067280
0.054012 6.222862 0.067280
0.054012 7.336568 0.041837
0.057613 1.084048 0.433909
0.057613 1.084048 0.433909
0.057613 2.379443 0.461138
0.057613 6.244533 0.066091
0.057613 6.244533 0.066091
0.057613 7.451325 0.038862
0.061214 1.141284 0.435108
0.061214 1.141284 0.435108
0.061214 2.492280 0.464043
0.061214 6.266431 0.064892
0.061214 6.266431 0.064892
0.061214 7.560765 0.035957
0.064815 1.196878 0.436310
0.064815 1.196878 0.436310
0.064815 2.599797 0.466877
0.064815 6.288395 0.063690
0.064815 6.288395 0.063690
0.064815 7.663769 0.033123
0.068415 1.250800 0.437507
0.068415 1.250800 0.437507
0.068415 2.701831 0.469641
0.068415 6.310273 0.062493
0.068415 6.310273 0.062493
0.068415 7.759365 0.030359
0.072016 1.303020 0.438694
0.072016 1.303020 0.438694
0.072016 2.798215 0.472337
0.072016 6.331921 0.061306
0.072016 6.331921 0.061306
0.072016 7.846729 0.027663
0.075617 1.353519 0.439864
0.075617 1.353519 0.439864
0.075617 2.888772 0.474967
0.075617 6.353202 0.060136
0.075617 6.353202 0.060136
0.075617 7.925185 0.025033
0.079218 1.402278 0.441014
0.079218 1.402278 0.441014
0.079218 2.973320 0.477530
0.079218 6.373990 0.058986
0.079218 6.373990 0.058986
0.079218 7.994207 0.022470
0.082819 1.449284 0.442137
0.082819 1.449284 0.442137
0.082819 3.051666 0.480025
0.082819 6.394172 0.057863
0.082819 6.394172 0.057863
0.082819 8.053417 0.019975
0.086419 1.494530 0.443231
0.086419 1.494530 0.443231
0.086419 3.123614 0.482448
0.086419 6.413644 0.056769
0.086419 6.413644 0.056769
0.086419 8.102587 0.017552
0.090020 1.538010 0.444292
0.090020 1.538010 0.444292
0.090020 3.188961 0.484793
0.090020 6.432317 0.055708
0.090020 6.432317 0.055708
0.090020 8.141632 0.015207
0.093621 1.579720 0.445317
0.093621 1.579720 0.445317
0.093621 3.247501 0.487049
0.093621 6.450115 0.054683
0.093621 6.450115 0.054683
0.093621 8.170615 0.012951
0.097222 1.619659 0.446304
0.097222 1.619659 0.446304
0.097222 3.299029 0.489203
0.097222 6.466977 0.053696
0.097222 6.466977 0.053696
0.097222 8.189737 0.010797
0.100823 1.657831 0.447252
0.100823 1.657831 0.447252
0.100823 3.343345 0.491236
0.100823 6.482852 0.052748
0.100823 6.482852 0.052748
0.100823 8.199338 0.008764
0.104424 1.694237 0.448158
0.104424 1.694237 0.448158
0.104424 3.380257 0.493127
0.104424 6.497706 0.051842
0.104424 6.497706 0.051842
0.104424 8.199886 0.006873
0.108024 1.728883 0.449022
0.108024 1.728883 0.449022
0.108024 3.409592 0.494849
0.108024 6.511517 0.050978
0.108024 6.511517 0.050978
0.108024 8.191977 0.005151
0.111625 1.761773 0.449842
0.111625 1.761773 0.449842
0.111625 3.431207 0.496375
0.111625 6.524276 0.050158
0.111625 6.524276 0.050158
0.111625 8.176320 0.003625
0.115226 1.792916 0.450619
0.115226 1.792916 0.450619
0.115226 3.444999 0.497673
0.115226 6.535986 0.049381
0.115226 6.535986 0.049381
0.115226 8.153727 0.002327
0.118827 1.822317 0.451352
0.118827 1.822317 0.451352
0.118827 3.450923 0.498711
0.118827 6.546661 0.048648
0.118827 6.546661 0.048648
0.118827 8.125099 0.001289
0.122427 1.849984 0.452040
0.122427 1.849984 0.452040
0.122427 3.449011 0.499460
0.122427 6.556326 0.047960
0.122427 6.556326 0.047960
0.122427 8.091406 0.000540
0.126028 1.875926 0.452684
0.126028 1.875926 0.452684
0.126028 3.439396 0.499893
0.126028 6.565013 0.047316
0.126028 6.565013 0.047316
0.126028 8.053672 0.000107
0.129629 1.900149 0.453284
0.129629 1.900149 0.453284
0.129629 3.422332 0.499993
0.129629 6.572765 0.046716
0.129629 6.572765 0.046716
0.129629 8.012945 0.000007
0.133230 1.922662 0.453841
0.133230 1.922662 0.453841
0.133230 3.398225 0.499749
0.133230 6.579629 0.046159
0.133230 6.579629 0.046159
0.133230 7.970279 0.000251
0.136831 1.943473 0.454354
0.136831 1.943473 0.454354
0.136831 3.367652 0.499167
0.136831 6.585659 0.045646
0.136831 6.585659 0.045646
0.136831 7.926705 0.000833
0.140432 1.962588 0.454823
0.140432 1.962588 0.454823
0.140432 3.331387 0.498266
0.140432 6.590911 0.045177
0.140432 6.590911 0.045177
0.140432 7.883209 0.001734
0.144032 1.980015 0.455251
0.144032 1.980015 0.455251
0.144032 3.290410 0.497081
0.144032 6.595444 0.044749
0.144032 6.595444 0.044749
0.144032 7.840711 0.002919
0.147633 1.995761 0.455635
0.147633 1.995761 0.455635
0.147633 3.245918 0.495665
0.147633 6.599319 0.044365
0.147633 6.599319 0.044365
0.147633 7.800046 0.004335
0.151234 2.009832 0.455978
0.151234 2.009832 0.455978
0.151234 3.199314 0.494082
0.151234 6.602596 0.044022
0.151234 6.602596 0.044022
0.151234 7.761951 0.005918
0.154835 2.022233 0.456280
0.154835 2.022233 0.456280
0.154835 3.152182 0.492410
0.154835 6.605331 0.043720
0.154835 6.605331 0.043720
0.154835 7.727062 0.007590
0.158436 2.032970 0.456541
0.158436 2.032970 0.456541
0.158436 3.106244 0.490732
0.158436 6.607580 0.043459
0.158436 6.607580 0.043459
0.158436 7.695909 0.009268
0.162036 2.042048 0.456760
0.162036 2.042048 0.456760
0.162036 3.063294 0.489133
0.162036 6.609391 0.043240
0.162036 6.609391 0.043240
0.162036 7.668922 0.010867
0.165637 2.049469 0.456940
0.165637 2.049469 0.456940
0.165637 3.025119 0.487695
0.165637 6.610809 0.043060
0.165637 6.610809 0.043060
0.165637 7.646439 0.012305
0.169238 2.055238 0.457079
0.169238 2.055238 0.457079
0.169238 2.993395 0.486491
0.169238 6.611871 0.042921
0.169238 6.611871 0.042921
0.169238 7.628714 0.013509
0.172839 2.059357 0.457178
0.172839 2.059357 0.457178
0.172839 2.969580 0.485585
0.172839 6.612608 0.042822
0.172839 6.612608 0.042822
0.172839 7.615932 0.014415
0.176440 2.061827 0.457238
0.176440 2.061827 0.457238
0.176440 2.954808 0.485022
0.176440 6.613041 0.042762
0.176440 6.613041 0.042762
0.176440 7.608217 0.014978
0.180040 2.062651 0.457258
0.180040 2.062651 0.457258
0.180040 2.949802 0.484831
0.180040 6.613184 0.042742
0.180040 6.613184 0.042742
0.180040 7.605637 0.015169
0.180040 2.062651 0.457258
0.180040 2.062651 0.457258
0.180040 2.949802 0.484831
0.180040 6.613184 0.042742
0.180040 6.613184 0.042742
0.180040 7.605637 0.015169
0.181314 2.062770 0.457267
0.181314 2.063418 0.457280
0.181314 2.949733 0.484829
0.181314 6.613267 0.042733
0.181314 6.613581 0.042720
0.181314 7.605584 0.015171
0.182587 2.063128 0.457296
0.182587 2.065718 0.457348
0.182587 2.949527 0.484824
0.182587 6.613514 0.042704
0.182587 6.614770 0.042652
0.182587 7.605424 0.015176
0.183860 2.063724 0.457343
0.183860 2.069540 0.457460
0.183860 2.949183 0.484816
0.183860 6.613925 0.042657
0.183860 6.616750 0.042540
0.183860 7.605157 0.015184
0.185133 2.064557 0.457410
0.185133 2.074870 0.457617
0.185133 2.948701 0.484805
0.185133 6.614499 0.042590
0.185133 6.619519 0.042383
0.185133 7.604784 0.015195
0.186406 2.065627 0.457495
0.186406 2.081686 0.457818
0.186406 2.948082 0.484790
0.186406 6.615233 0.042505
0.186406 6.623072 0.042182
0.186406 7.604303 0.015210
0.187679 2.066932 0.457598
0.187679 2.089963 0.458063
0.187679 2.947325 0.484773
0.187679 6.616125 0.042402
0.187679 6.627404 0.041937
0.187679 7.603715 0.015227
0.188952 2.068471 0.457721
0.188952 2.099669 0.458350
0.188952 2.946429 0.484752
0.188952 6.617171 0.042279
0.188952 6.632510 0.041650
0.188952 7.603018 0.015248
0.190225 2.070243 0.457862
0.190225 2.110768 0.458680
0.190225 2.945396 0.484727
0.190225 6.618368 0.042138
0.190225 6.638383 0.041320
0.190225 7.602214 0.015273
0.191498 2.072244 0.458021
0.191498 2.123218 0.459050
0.191498 2.944225 0.484700
0.191498 6.619712 0.041979
0.191498 6.645014 0.040950
0.191498 7.601301 0.015300
0.192771 2.074474 0.458198
0.192771 2.136974 0.459461
0.192771 2.942915 0.484669
0.192771 6.621198 0.041802
0.192771 6.652394 0.040539
0.192771 7.600278 0.015331
0.194044 2.076929 0.458393
0.194044 2.151990 0.459911
0.194044 2.941466 0.484635
0.194044 6.622820 0.041607
0.194044 6.660513 0.040089
0.194044 7.599145 0.015365
0.195317 2.079608 0.458605
0.195317 2.168212 0.460398
0.195317 2.939879 0.484598
0.195317 6.624573 0.041395
0.195317 6.669361 0.039602
0.195317 7.597902 0.015402
0.196591 2.082507 0.458835
0.196591 2.185588 0.460922
0.196591 2.938153 0.484557
0.196591 6.626451 0.041165
0.196591 6.678925 0.039078
0.196591 7.596547 0.015443
0.197864 2.085624 0.459082
0.197864 2.204061 0.461481
0.197864 2.936287 0.484513
0.197864 6.628446 0.040918
0.197864 6.689192 0.038519
0.197864 7.595080 0.015487
0.199137 2.088956 0.459346
0.199137 2.223574 0.462073
0.199137 2.934282 0.484466
0.199137 6.630552 0.040654
0.199137 6.700148 0.037927
0.199137 7.593500 0.015534
0.200410 2.092499 0.459627
0.200410 2.244068 0.462697
0.200410 2.932138 0.484415
0.200410 6.632762 0.040373
0.200410 6.711779 0.037303
0.200410 7.591805 0.015585
0.201683 2.096251 0.459924
0.201683 2.265483 0.463352
0.201683 2.929853 0.484361
0.201683 6.635067 0.040076
0.201683 6.724068 0.036648
0.201683 7.589996 0.015639
0.202956 2.100208 0.460237
0.202956 2.287760 0.464035
0.202956 2.927427 0.484303
0.202956 6.637460 0.039763
0.202956 6.737000 0.035965
0.202956 7.588070 0.015697
0.204229 2.104367 0.460565
0.204229 2.310839 0.464745
0.204229 2.924861 0.484243
0.204229 6.639932 0.039435
0.204229 6.750557 0.035255
0.204229 7.586028 0.015757
0.205502 2.108724 0.460909
0.205502 2.334659 0.465480
0.205502 2.922154 0.484178
0.205502 6.642474 0.039091
0.205502 6.764722 0.034520
0.205502 7.583867 0.015822
0.206775 2.113276 0.461268
0.206775 2.359163 0.466239
0.206775 2.919306 0.484111
0.206775 6.645078 0.038732
0.206775 6.779475 0.033761
0.206775 7.581587 0.015889
0.208048 2.118019 0.461642
0.208048 2.384291 0.467019
0.208048 2.916316 0.484039
0.208048 6.647734 0.038358
0.208048 6.794798 0.032981
0.208048 7.579186 0.015961
0.209321 2.122950 0.462030
0.209321 2.409986 0.467819
0.209321 2.913183 0.483965
0.209321 6.650433 0.037970
0.209321 6.810671 0.032181
0.209321 7.576664 0.016035
0.210594 2.128066 0.462432
0.210594 2.436193 0.468636
0.210594 2.909908 0.483886
0.210594 6.653166 0.037568
0.210594 6.827073 0.031364
0.210594 7.574018 0.016114
0.211867 2.133362 0.462848
0.211867 2.462856 0.469469
0.211867 2.906490 0.483805
0.211867 6.655924 0.037152
0.211867 6.843983 0.030531
0.211867 7.571249 0.016195
0.213141 2.138836 0.463277
0.213141 2.489922 0.470317
0.213141 2.902928 0.483719
0.213141 6.658695 0.036723
0.213141 6.861379 0.029683
0.213141 7.568353 0.016281
0.214414 2.144483 0.463720
0.214414 2.517340 0.471176
0.214414 2.899223 0.483630
0.214414 6.661472 0.036280
0.214414 6.879241 0.028824
0.214414 7.565332 0.016370
0.215687 2.150301 0.464175
0.215687 2.545060 0.472045
0.215687 2.895373 0.483538
0.215687 6.664245 0.035825
0.215687 6.897546 0.027955
0.215687 7.562182 0.016462
0.216960 2.156286 0.464643
0.216960 2.573033 0.472923
0.216960 2.891378 0.483441
0.216960 6.667004 0.035357
0.216960 6.916270 0.027077
0.216960 7.558902 0.016559
0.218233 2.162434 0.465123
0.218233 2.601213 0.473807
0.218233 2.887238 0.483341
0.218233 6.669739 0.034877
0.218233 6.935392 0.026193
0.218233 7.555492 0.016659
0.219506 2.168742 0.465614
0.219506 2.629556 0.474696
0.219506 2.882952 0.483238
0.219506 6.672443 0.034386
0.219506 6.954888 0.025304
0.219506 7.551950 0.016762
0.220779 2.175206 0.466118
0.220779 2.658018 0.475588
0.220779 2.878520 0.483130
0.220779 6.675104 0.033882
0.220779 6.974736 0.024412
0.220779 7.548274 0.016870
0.222052 2.181824 0.466632
0.222052 2.686558 0.476482
0.222052 2.873941 0.483019
0.222052 6.677715 0.033368
0.222052 6.994910 0.023518
0.222052 7.544464 0.016981
0.223325 2.188591 0.467158
0.223325 2.715136 0.477374
0.223325 2.869215 0.482904
0.223325 6.680267 0.032842
0.223325 7.015389 0.022626
0.223325 7.540518 0.017096
0.224598 2.195505 0.467694
0.224598 2.743715 0.478265
0.224598 2.864341 0.482785
0.224598 6.682752 0.032306
0.224598 7.036149 0.021735
0.224598 7.536434 0.017215
0.225871 2.202562 0.468240
0.225871 2.772259 0.479152
0.225871 2.859319 0.482662
0.225871 6.685161 0.031760
0.225871 7.057165 0.020848
0.225871 7.532212 0.017338
0.227144 2.209758 0.468797
0.227144 2.800733 0.480034
0.227144 2.854148 0.482535
0.227144 6.687486 0.031203
0.227144 7.078416 0.019966
0.227144 7.527850 0.017465
0.228417 2.217090 0.469363
0.228417 2.829104 0.480909
0.228417 2.848828 0.482404
0.228417 6.689721 0.030637
0.228417 7.099876 0.019091
0.228417 7.523347 0.017596
0.229690 2.224555 0.469939
0.229690 2.843357 0.482269
0.229690 2.857340 0.481776
0.229690 6.691859 0.030061
0.229690 7.121523 0.018224
0.229690 7.518702 0.017731
0.230964 2.232148 0.470524
0.230964 2.837736 0.482130
0.230964 2.885413 0.482634
0.230964 6.693892 0.029476
0.230964 7.143335 0.017366
0.230964 7.513914 0.017870
0.232237 2.239867 0.471118
0.232237 2.831965 0.481987
0.232237 2.913292 0.483480
0.232237 6.695814 0.028882
0.232237 7.165287 0.016520
0.232237 7.508980 0.018013
0.233510 2.247706 0.471721
0.233510 2.826041 0.481840
0.233510 2.940952 0.484315
0.233510 6.697621 0.028279
0.233510 7.187358 0.015685
0.233510 7.503901 0.018160
0.234783 2.255663 0.472332
0.234783 2.819966 0.481688
0.234783 2.968365 0.485136
0.234783 6.699306 0.027668
0.234783 7.209525 0.014864
0.234783 7.498676 0.018312
0.236056 2.263733 0.472952
0.236056 2.813737 0.481532
0.236056 2.995507 0.485944
0.236056 6.700866 0.027048
0.236056 7.231767 0.014056
0.236056 7.493303 0.018468
0.237329 2.271911 0.473579
0.237329 2.807356 0.481372
0.237329 3.022355 0.486735
0.237329 6.702296 0.026421
0.237329 7.254061 0.013265
0.237329 7.487781 0.018628
0.238602 2.280192 0.474214
0.238602 2.800821 0.481208
0.238602 3.048886 0.487510
0.238602 6.703592 0.025786
0.238602 7.276386 0.012490
0.238602 7.482109 0.018792
0.239875 2.288573 0.474855
0.239875 2.794131 0.481039
0.239875 3.075078 0.488268
0.239875 6.704752 0.025145
0.239875 7.298722 0.011732
0.239875 7.476288 0.018961
0.241148 2.297048 0.475504
0.241148 2.787286 0.480866
0.241148 3.100912 0.489007
0.241148 6.705774 0.024496
0.241148 7.321048 0.010993
0.241148 7.470315 0.019134
0.242421 2.305610 0.476160
0.242421 2.780287 0.480689
0.242421 3.126367 0.489728
0.242421 6.706654 0.023840
0.242421 7.343344 0.010272
0.242421 7.464190 0.019311
0.243694 2.314255 0.476821
0.243694 2.773131 0.480507
0.243694 3.151424 0.490428
0.243694 6.707394 0.023179
0.243694 7.365591 0.009572
0.243694 7.457912 0.019493
0.243694 2.314255 0.476821
0.243694 2.773131 0.480507
0.243694 3.151424 0.490428
0.243694 6.707394 0.023179
0.243694 7.365591 0.009572
0.243694 7.457912 0.019493
0.247514 2.340622 0.478839
0.247514 2.750722 0.479933
0.247514 3.224040 0.492401
0.247514 6.708759 0.021161
0.247514 7.431846 0.007599
0.247514 7.438160 0.020067
0.251333 2.367484 0.480897
0.251333 2.726890 0.479316
0.251333 3.292482 0.494170
0.251333 6.708869 0.019103
0.251333 7.417018 0.020684
0.251333 7.497002 0.005830
0.255152 2.394617 0.482982
0.255152 2.701622 0.478656
0.255152 3.356360 0.495720
0.255152 6.707795 0.017018
0.255152 7.394482 0.021344
0.255152 7.560613 0.004280
0.258971 2.421755 0.485075
0.258971 2.674904 0.477952
0.258971 3.415330 0.497040
0.258971 6.705656 0.014925
0.258971 7.370554 0.022048
0.258971 7.622272 0.002960
0.262791 2.448589 0.487156
0.262791 2.646723 0.477201
0.262791 3.469084 0.498123
0.262791 6.702619 0.012844
0.262791 7.345244 0.022799
0.262791 7.681614 0.001877
0.266610 2.474764 0.489199
0.266610 2.617070 0.476402
0.266610 3.517345 0.498962
0.266610 6.698892 0.010801
0.266610 7.318568 0.023598
0.266610 7.738309 0.001038
0.270429 2.499881 0.491175
0.270429 2.585933 0.475555
0.270429 3.559869 0.499554
0.270429 6.694713 0.008825
0.270429 7.290552 0.024445
0.270429 7.792056 0.000446
0.274248 2.523506 0.493049
0.274248 2.553303 0.474659
0.274248 3.596436 0.499900
0.274248 6.690347 0.006951
0.274248 7.261229 0.025341
0.274248 7.842581 0.000100
0.278068 2.519174 0.473712
0.278068 2.545167 0.494783
0.278068 3.626853 0.499999
0.278068 6.686069 0.005217
0.278068 7.230641 0.026288
0.278068 7.889628 0.000001
0.281887 2.483538 0.472714
0.281887 2.564376 0.496337
0.281887 3.650953 0.499856
0.281887 6.682152 0.003663
0.281887 7.198836 0.027286
0.281887 7.932956 0.000144
0.285706 2.446392 0.471664
0.285706 2.580630 0.497667
0.285706 3.668593 0.499477
0.285706 6.678855 0.002333
0.285706 7.165873 0.028336
0.285706 7.972330 0.000523
0.289525 2.407732 0.470561
0.289525 2.593432 0.498733
0.289525 3.679658 0.498870
0.289525 6.676406 0.001267
0.289525 7.131816 0.029439
0.289525 8.007518 0.001130
0.293345 2.367558 0.469406
0.293345 2.602307 0.499495
0.293345 3.684060 0.498045
0.293345 6.674985 0.000505
0.293345 7.096737 0.030594
0.293345 8.038284 0.001955
0.297164 2.325870 0.468199
0.297164 2.606812 0.499918
0.297164 3.681737 0.497013
0.297164 6.674714 0.000082
0.297164 7.060716 0.031801
0.297164 8.064387 0.002987
0.300983 2.282671 0.466940
0.300983 2.606554 0.499978
0.300983 3.672654 0.495789
0.300983 6.675642 0.000022
0.300983 7.023837 0.033060
0.300983 8.085577 0.004211
0.304802 2.237966 0.465629
0.304802 2.601203 0.499657
0.304802 3.656805 0.494387
0.304802 6.677736 0.000343
0.304802 6.986193 0.034371
0.304802 8.101598 0.005613
0.308621 2.191762 0.464269
0.308621 2.590501 0.498948
0.308621 3.634210 0.492823
0.308621 6.680878 0.001052
0.308621 6.947879 0.035731
0.308621 8.112183 0.007177
0.312441 2.144067 0.462859
0.312441 2.574268 0.497857
0.312441 3.604914 0.491113
0.312441 6.684863 0.002143
0.312441 6.908998 0.037141
0.312441 8.117064 0.008887
0.316260 2.094893 0.461403
0.316260 2.552404 0.496400
0.316260 3.568985 0.489274
0.316260 6.689402 0.003600
0.316260 6.869654 0.038597
0.316260 8.115968 0.010726
0.320079 2.044253 0.459902
0.320079 2.524887 0.494602
0.320079 3.526516 0.487321
0.320079 6.694135 0.005398
0.320079 6.829958 0.040098
0.320079 8.108630 0.012679
0.323898 1.992163 0.458359
0.323898 2.491765 0.492495
0.323898 3.477616 0.485269
0.323898 6.698639 0.007505
0.323898 6.790022 0.041641
0.323898 8.094794 0.014731
0.327718 1.938639 0.456778
0.327718 2.453154 0.490118
0.327718 3.422414 0.483133
0.327718 6.702447 0.009882
0.327718 6.749962 0.043222
0.327718 8.074225 0.016867
0.331537 1.883703 0.455162
0.331537 2.409222 0.487512
0.331537 3.361051 0.480926
0.331537 6.705065 0.012488
0.331537 6.709893 0.044838
0.331537 8.046716 0.019074
0.335356 1.827375 0.453515
0.335356 2.360177 0.484717
0.335356 3.293682 0.478658
0.335356 6.669934 0.046485
0.335356 6.705992 0.015283
0.335356 8.012095 0.021342
0.339175 1.769682 0.451843
0.339175 2.306262 0.481774
0.339175 3.220472 0.476338
0.339175 6.630206 0.048157
0.339175 6.704739 0.018226
0.339175 7.970240 0.023662
0.342994 1.710648 0.450150
0.342994 2.247735 0.478719
0.342994 3.141589 0.473975
0.342994 6.590827 0.049850
0.342994 6.700848 0.021281
0.342994 7.921085 0.026025
0.346814 1.650305 0.448442
0.346814 2.184868 0.475585
0.346814 3.057210 0.471575
0.346814 6.551917 0.051558
0.346814 6.693908 0.024415
0.346814 7.864630 0.028425
0.350633 1.588681 0.446724
0.350633 2.117931 0.472402
0.350633 2.967511 0.469140
0.350633 6.513597 0.053276
0.350633 6.683574 0.027598
0.350633 7.800956 0.030860
0.354452 1.525812 0.445005
0.354452 2.047188 0.469192
0.354452 2.872671 0.466675
0.354452 6.475983 0.054995
0.354452 6.669578 0.030808
0.354452 7.730229 0.033325
0.358272 1.461732 0.443290
0.358272 1.972893 0.465977
0.358272 2.772866 0.464180
0.358272 6.439194 0.056710
0.358272 6.651740 0.034023
0.358272 7.652711 0.035820
0.362091 1.396480 0.441587
0.362091 1.895280 0.462773
0.362091 2.668271 0.461657
0.362091 6.403345 0.058413
0.362091 6.629978 0.037227
0.362091 7.568771 0.038343
0.365910 1.330096 0.439904
0.365910 1.814568 0.459593
0.365910 2.559058 0.459106
0.365910 6.368548 0.060096
0.365910 6.604314 0.040407
0.365910 7.478888 0.040894
0.369729 1.262621 0.438248
0.369729 1.730955 0.456448
0.369729 2.445392 0.456527
0.369729 6.334915 0.061752
0.369729 6.574877 0.043552
0.369729 7.383661 0.043473
0.373548 1.194101 0.436628
0.373548 1.644619 0.453348
0.373548 2.327437 0.453920
0.373548 6.302555 0.063372
0.373548 6.541906 0.046652
0.373548 7.283812 0.046080
0.377368 1.124582 0.435052
0.377368 1.555717 0.450303
0.377368 2.205352 0.451289
0.377368 6.271570 0.064948
0.377368 6.505748 0.049697
0.377368 7.180189 0.048711
0.381187 1.054114 0.433528
0.381187 1.464391 0.447321
0.381187 2.079291 0.448638
0.381187 6.242063 0.066472
0.381187 6.466851 0.052679
0.381187 7.073766 0.051362
0.385006 0.982746 0.432064
0.385006 1.370766 0.444415
0.385006 1.949408 0.445974
0.385006 6.214131 0.067936
0.385006 6.425765 0.055585
0.385006 6.965639 0.054026
0.388825 0.910533 0.430669
0.388825 1.274959 0.441595
0.388825 1.815857 0.443308
0.388825 6.187866 0.069331
0.388825 6.383122 0.058405
0.388825 6.857024 0.056692
0.392645 0.837530 0.429351
0.392645 1.177076 0.438878
0.392645 1.678794 0.440657
0.392645 6.163356 0.070649
0.392645 6.339634 0.061122
0.392645 6.749240 0.059343
0.396464 0.763793 0.428118
0.396464 1.077222 0.436279
0.396464 1.538382 0.438041
0.396464 6.140684 0.071882
0.396464 6.296071 0.063721
0.396464 6.643699 0.061959
0.400283 0.689383 0.426977
0.400283 0.975505 0.433818
0.400283 1.394795 0.435487
0.400283 6.119927 0.073023
0.400283 6.253247 0.066182
0.400283 6.541880 0.064513
0.404102 0.614361 0.425935
0.404102 0.872038 0.431519
0.404102 1.248224 0.433028
0.404102 6.101155 0.074065
0.404102 6.211998 0.068481
0.404102 6.445306 0.066972
0.407921 0.538789 0.424999
0.407921 0.766947 0.429404
0.407921 1.098881 0.430702
0.407921 6.084434 0.075001
0.407921 6.173162 0.070596
0.407921 6.355513 0.069298
0.411741 0.462733 0.424174
0.411741 0.660371 0.427500
0.411741 0.947005 0.428554
0.411741 6.069822 0.075826
0.411741 6.137555 0.072500
0.411741 6.274004 0.071446
0.415560 0.386258 0.423467
0.415560 0.552470 0.425832
0.415560 0.792865 0.426628
0.415560 6.057369 0.076533
0.415560 6.105946 0.074168
0.415560 6.202215 0.073372
0.419379 0.309433 0.422882
0.419379 0.443423 0.424426
0.419379 0.636766 0.424972
0.419379 6.047120 0.077118
0.419379 6.079036 0.075574
0.419379 6.141467 0.075028
0.423198 0.232326 0.422423
0.423198 0.333428 0.423305
0.423198 0.479046 0.423629
0.423198 6.039110 0.077577
0.423198 6.057432 0.076695
0.423198 6.092918 0.076371
0.427018 0.155009 0.422093
0.427018 0.222704 0.422490
0.427018 0.320078 0.422639
0.427018 6.033369 0.077907
0.427018 6.041630 0.077510
0.427018 6.057521 0.077361
0.430837 0.077557 0.421894
0.430837 0.111490 0.421994
0.430837 0.160262 0.422032
0.430837 6.029916 0.078106
0.430837 6.031999 0.078006
0.430837 6.035990 0.077968
0.434656 0.001882 0.421827
0.434656 0.001882 0.421827
0.434656 0.001882 0.421827
0.434656 6.028763 0.078173
0.434656 6.028763 0.078173
0.434656 6.028763 0.078173
0.434656 0.001882 0.421827
0.434656 0.001882 0.421827
0.434656 0.001882 0.421827
0.434656 6.028763 0.078173
0.434656 6.028763 0.078173
0.434656 6.028763 0.078173
0.437775 0.082847 0.421916
0.437775 0.082847 0.421916
0.437775 0.125324 0.421942
0.437775 6.030458 0.078084
0.437775 6.030458 0.078084
0.437775 6.033120 0.078058
0.440893 0.165543 0.422181
0.440893 0.165543 0.422181
0.440893 0.250484 0.422282
0.440893 6.035522 0.077819
0.440893 6.035522 0.077819
0.440893 6.046137 0.077718
0.444011 0.248012 0.422621
0.444011 0.248012 0.422621
0.444011 0.375364 0.422843
0.444011 6.043885 0.077379
0.444011 6.043885 0.077379
0.444011 6.067651 0.077157
0.447130 0.330133 0.423229
0.447130 0.330133 0.423229
0.447130 0.499826 0.423614
0.447130 6.055438 0.076771
0.447130 6.055438 0.076771
0.447130 6.097394 0.076386
0.450248 0.411796 0.424002
0.450248 0.411796 0.424002
0.450248 0.623740 0.424582
0.450248 6.070027 0.075998
0.450248 6.070027 0.075998
0.450248 6.135004 0.075418
0.453367 0.492896 0.424930
0.453367 0.492896 0.424930
0.453367 0.746985 0.425730
0.453367 6.087465 0.075070
0.453367 6.087465 0.075070
0.453367 6.180032 0.074270
0.456485 0.573333 0.426005
0.456485 0.573333 0.426005
0.456485 0.869450 0.427041
0.456485 6.107526 0.073995
0.456485 6.107526 0.073995
0.456485 6.231951 0.072959
0.459603 0.653015 0.427219
0.459603 0.653015 0.427219
0.459603 0.991033 0.428495
0.459603 6.129958 0.072781
0.459603 6.129958 0.072781
0.459603 6.290175 0.071505
0.462722 0.731857 0.428562
0.462722 0.731857 0.428562
0.462722 1.111642 0.430074
0.462722 6.154484 0.071438
0.462722 6.154484 0.071438
0.462722 6.354066 0.069926
0.465840 0.809781 0.430022
0.465840 0.809781 0.430022
0.465840 1.231194 0.431759
0.465840 6.180808 0.069978
0.465840 6.180808 0.069978
0.465840 6.422951 0.068241
0.468959 0.886715 0.431590
0.468959 0.886715 0.431590
0.468959 1.349615 0.433532
0.468959 6.208619 0.068410
0.468959 6.208619 0.068410
0.468959 6.496135 0.066468
0.472077 0.962595 0.433257
0.472077 0.962595 0.433257
0.472077 1.466836 0.435378
0.472077 6.237601 0.066743
0.472077 6.237601 0.066743
0.472077 6.572913 0.064622
0.475195 1.037361 0.435011
0.475195 1.037361 0.435011
0.475195 1.582795 0.437280
0.475195 6.267434 0.064989
0.475195 6.267434 0.064989
0.475195 6.652581 0.062720
0.478314 1.110962 0.436844
0.478314 1.110962 0.436844
0.478314 1.697433 0.439228
0.478314 6.297800 0.063156
0.478314 6.297800 0.063156
0.478314 6.734446 0.060772
0.481432 1.183348 0.438747
0.481432 1.183348 0.438747
0.481432 1.810694 0.441210
0.481432 6.328389 0.061253
0.481432 6.328389 0.061253
0.481432 6.817837 0.058790
0.484550 1.254475 0.440713
0.484550 1.254475 0.440713
0.484550 1.922521 0.443217
0.484550 6.358904 0.059287
0.484550 6.358904 0.059287
0.484550 6.902111 0.056783
0.487669 1.324302 0.442733
0.487669 1.324302 0.442733
0.487669 2.032858 0.445242
0.487669 6.389062 0.057267
0.487669 6.389062 0.057267
0.487669 6.986659 0.054758
0.490787 1.392789 0.444801
0.490787 1.392789 0.444801
0.490787 2.141647 0.447280
0.490787 6.418600 0.055199
0.490787 6.418600 0.055199
0.490787 7.070911 0.052720
0.493906 1.459898 0.446911
0.493906 1.459898 0.446911
0.493906 2.248827 0.449328
0.493906 6.447278 0.053089
0.493906 6.447278 0.053089
0.493906 7.154339 0.050672
0.497024 1.525593 0.449057
0.497024 1.525593 0.449057
0.497024 2.354332 0.451381
0.497024 6.474880 0.050943
0.497024 6.474880 0.050943
0.497024 7.236463 0.048619
0.500142 1.589835 0.451234
0.500142 1.589835 0.451234
0.500142 2.458093 0.453439
0.500142 6.501215 0.048766
0.500142 6.501215 0.048766
0.500142 7.316847 0.046561
0.503261 1.652587 0.453437
0.503261 1.652587 0.453437
0.503261 2.560035 0.455499
0.503261 6.526121 0.046563
0.503261 6.526121 0.046563
0.503261 7.395107 0.044501
0.506379 1.713809 0.455663
0.506379 1.713809 0.455663
0.506379 2.660077 0.457562
0.506379 6.549465 0.044337
0.506379 6.549465 0.044337
0.506379 7.470902 0.042438
0.509498 1.773461 0.457905
0.509498 1.773461 0.457905
0.509498 2.758132 0.459627
0.509498 6.571141 0.042095
0.509498 6.571141 0.042095
0.509498 7.543943 0.040373
0.512616 1.831500 0.460160
0.512616 1.831500 0.460160
0.512616 2.854106 0.461694
0.512616 6.591071 0.039840
0.512616 6.591071 0.039840
0.512616 7.613985 0.038306
0.515734 1.887882 0.462424
0.515734 1.887882 0.462424
0.515734 2.947900 0.463763
0.515734 6.609207 0.037576
0.515734 6.609207 0.037576
0.515734 7.680827 0.036237
0.518853 1.942558 0.464691
0.518853 1.942558 0.464691
0.518853 3.039408 0.465832
0.518853 6.625526 0.035309
0.518853 6.625526 0.035309
0.518853 7.744315 0.034168
0.521971 1.995481 0.466956
0.521971 1.995481 0.466956
0.521971 3.128515 0.467900
0.521971 6.640031 0.033044
0.521971 6.640031 0.033044
0.521971 7.804331 0.032100
0.525089 2.046598 0.469214
0.525089 2.046598 0.469214
0.525089 3.215103 0.469966
0.525089 6.652749 0.030786
0.525089 6.652749 0.030786
0.525089 7.860801 0.030034
0.528208 2.095857 0.471459
0.528208 2.095857 0.471459
0.528208 3.299046 0.472028
0.528208 6.663728 0.028541
0.528208 6.663728 0.028541
0.528208 7.913681 0.027972
0.531326 2.143202 0.473684
0.531326 2.143202 0.473684
0.531326 3.380212 0.474082
0.531326 6.673037 0.026316
0.531326 6.673037 0.026316
0.531326 7.962966 0.025918
0.534445 2.188577 0.475883
0.534445 2.188577 0.475883
0.534445 3.458466 0.476124
0.534445 6.680763 0.024117
0.534445 6.680763 0.024117
0.534445 8.008678 0.023876
0.537563 2.231925 0.478046
0.537563 2.231925 0.478046
0.537563 3.533667 0.478148
0.537563 6.687007 0.021954
0.537563 6.687007 0.021954
0.537563 8.050867 0.021852
0.540682 2.273187 0.480166
0.540682 2.273187 0.480166
0.540682 3.605668 0.480148
0.540682 6.691885 0.019834
0.540682 6.691885 0.019834
0.540682 8.089607 0.019852
0.543800 2.312306 0.482234
0.543800 2.312306 0.482234
0.543800 3.674322 0.482116
0.543800 6.695520 0.017766
0.543800 6.695520 0.017766
0.543800 8.124994 0.017884
0.546918 2.349224 0.484240
0.546918 2.349224 0.484240
0.546918 3.739478 0.484043
0.546918 6.698047 0.015760
0.546918 6.698047 0.015760
0.546918 8.157140 0.015957
0.550037 2.383883 0.486173
0.550037 2.383883 0.486173
0.550037 3.800986 0.485919
0.550037 6.699602 0.013827
0.550037 6.699602 0.013827
0.550037 8.186174 0.014081
0.553155 2.416229 0.488023
0.553155 2.416229 0.488023
0.553155 3.858695 0.487734
0.553155 6.700327 0.011977
0.553155 6.700327 0.011977
0.553155 8.212235 0.012266
0.556273 2.446208 0.489780
0.556273 2.446208 0.489780
0.556273 3.912454 0.489474
0.556273 6.700364 0.010220
0.556273 6.700364 0.010220
0.556273 8.235468 0.010526
0.559392 2.473768 0.491432
0.559392 2.473768 0.491432
0.559392 3.962118 0.491127
0.559392 6.699850 0.008568
0.559392 6.699850 0.008568
0.559392 8.256025 0.008873
0.562510 2.498861 0.492967
0.562510 2.498861 0.492967
0.562510 4.007545 0.492680
0.562510 6.698922 0.007033
0.562510 6.698922 0.007033
0.562510 8.274057 0.007320
0.565629 2.521442 0.494376
0.565629 2.521442 0.494376
0.565629 4.048599 0.494118
0.565629 6.697708 0.005624
0.565629 6.697708 0.005624
0.565629 8.289714 0.005882
0.568747 2.541468 0.495648
0.568747 2.541468 0.495648
0.568747 4.085155 0.495428
0.568747 6.696329 0.004352
0.568747 6.696329 0.004352
0.568747 8.303141 0.004572
0.571865 2.558904 0.496772
0.571865 2.558904 0.496772
0.571865 4.117093 0.496595
0.571865 6.694895 0.003228
0.571865 6.694895 0.003228
0.571865 8.314472 0.003405
0.574984 2.573715 0.497740
0.574984 2.573715 0.497740
0.574984 4.144308 0.497608
0.574984 6.693506 0.002260
0.574984 6.693506 0.002260
0.574984 8.323833 0.002392
0.578102 2.585873 0.498544
0.578102 2.585873 0.498544
0.578102 4.166708 0.498455
0.578102 6.692247 0.001456
0.578102 6.692247 0.001456
0.578102 8.331332 0.001545
0.581221 2.595354 0.499177
0.581221 2.595354 0.499177
0.581221 4.184214 0.499124
0.581221 6.691192 0.000823
0.581221 6.691192 0.000823
0.581221 8.337064 0.000876
0.584339 2.602139 0.499633
0.584339 2.602139 0.499633
0.584339 4.196764 0.499609
0.584339 6.690396 0.000367
0.584339 6.690396 0.000367
0.584339 8.341103 0.000391
0.587457 2.606216 0.499908
0.587457 2.606216 0.499908
0.587457 4.204312 0.499902
0.587457 6.689902 0.000092
0.587457 6.689902 0.000092
0.587457 8.343504 0.000098
0.590576 2.607576 0.500000
0.590576 2.607576 0.500000
0.590576 4.206831 0.500000
0.590576 6.689735 0.000000
0.590576 6.689735 0.000000
0.590576 8.344301 0.000000
0.590576 2.607576 0.500000
0.590576 2.607576 0.500000
0.590576 4.206831 0.500000
0.590576 6.689735 0.000000
0.590576 6.689735 0.000000
0.590576 8.344301 0.000000
0.593122 2.607337 0.499984
0.593122 2.607712 0.499982
0.593122 4.206023 0.499988
0.593122 6.689718 0.000016
0.593122 6.690545 0.000028
0.593122 8.343793 0.000002
0.595668 2.606624 0.499935
0.595668 2.608117 0.499926
0.595668 4.203599 0.499952
0.595668 6.689669 0.000065
0.595668 6.692969 0.000112
0.595668 8.342270 0.000009
0.598214 2.605445 0.499855
0.598214 2.608786 0.499834
0.598214 4.199565 0.499893
0.598214 6.689596 0.000146
0.598214 6.696986 0.000252
0.598214 8.339727 0.000020
0.600760 2.603815 0.499743
0.600760 2.609710 0.499705
0.600760 4.193926 0.499811
0.600760 6.689510 0.000259
0.600760 6.702565 0.000446
0.600760 8.336161 0.000036
0.603307 2.601751 0.499600
0.603307 2.610875 0.499539
0.603307 4.186694 0.499707
0.603307 6.689429 0.000404
0.603307 6.709659 0.000692
0.603307 8.331565 0.000057
0.605853 2.599279 0.499429
0.605853 2.612266 0.499336
0.605853 4.177881 0.499582
0.605853 6.689374 0.000581
0.605853 6.718211 0.000989
0.605853 8.325932 0.000083
0.608399 2.596429 0.499229
0.608399 2.613863 0.499096
0.608399 4.167503 0.499436
0.608399 6.689370 0.000789
0.608399 6.728154 0.001335
0.608399 8.319252 0.000115
0.610945 2.593233 0.499003
0.610945 2.615643 0.498820
0.610945 4.155578 0.499272
0.610945 6.689447 0.001027
0.610945 6.739409 0.001726
0.610945 8.311516 0.000153
0.613491 2.589728 0.498751
0.613491 2.617583 0.498508
0.613491 4.142129 0.499089
0.613491 6.689638 0.001295
0.613491 6.751889 0.002160
0.613491 8.302713 0.000198
0.616037 2.585957 0.498475
0.616037 2.619654 0.498159
0.616037 4.127180 0.498891
0.616037 6.689979 0.001592
0.616037 6.765499 0.002634
0.616037 8.292833 0.000249
0.618583 2.581963 0.498177
0.618583 2.621827 0.497775
0.618583 4.110760 0.498678
0.618583 6.690509 0.001916
0.618583 6.780139 0.003145
0.618583 8.281866 0.000309
0.621130 2.577792 0.497859
0.621130 2.624073 0.497356
0.621130 4.092899 0.498451
0.621130 6.691270 0.002267
0.621130 6.795702 0.003690
0.621130 8.269802 0.000376
0.623676 2.573494 0.497521
0.623676 2.626358 0.496903
0.623676 4.073632 0.498213
0.623676 6.692306 0.002644
0.623676 6.812077 0.004266
0.623676 8.256633 0.000453
0.626222 2.569118 0.497165
0.626222 2.628650 0.496415
0.626222 4.052996 0.497966
0.626222 6.693662 0.003044
0.626222 6.829152 0.004869
0.626222 8.242354 0.000540
0.628768 2.564715 0.496792
0.628768 2.630918 0.495895
0.628768 4.031034 0.497710
0.628768 6.695384 0.003467
0.628768 6.846812 0.005498
0.628768 8.226958 0.000638
0.631314 2.560337 0.496403
0.631314 2.633127 0.495343
0.631314 4.007790 0.497449
0.631314 6.697520 0.003909
0.631314 6.864943 0.006148
0.631314 8.210446 0.000747
0.633860 2.556036 0.496000
0.633860 2.635246 0.494761
0.633860 3.983314 0.497183
0.633860 6.700115 0.004369
0.633860 6.883433 0.006817
0.633860 8.192818 0.000869
0.636407 2.551862 0.495582
0.636407 2.637244 0.494150
0.636407 3.957656 0.496916
0.636407 6.703216 0.004845
0.636407 6.902170 0.007502
0.636407 8.174079 0.001005
0.638953 2.547867 0.495151
0.638953 2.639091 0.493512
0.638953 3.930876 0.496649
0.638953 6.706868 0.005333
0.638953 6.921046 0.008201
0.638953 8.154237 0.001155
0.641499 2.544098 0.494706
0.641499 2.640761 0.492848
0.641499 3.903032 0.496384
0.641499 6.711117 0.005832
0.641499 6.939957 0.008911
0.641499 8.133307 0.001320
0.644045 2.540604 0.494248
0.644045 2.642227 0.492162
0.644045 3.874191 0.496123
0.644045 6.716003 0.006337
0.644045 6.958805 0.009629
0.644045 8.111305 0.001502
0.646591 2.537430 0.493777
0.646591 2.643467 0.491454
0.646591 3.844422 0.495870
0.646591 6.721568 0.006846
0.646591 6.977496 0.010353
0.646591 8.088253 0.001700
0.649137 2.534619 0.493292
0.649137 2.644461 0.490727
0.649137 3.813800 0.495626
0.649137 6.727849 0.007355
0.649137 6.995943 0.011082
0.649137 8.064178 0.001917
0.651683 2.532210 0.492794
0.651683 2.645194 0.489985
0.651683 3.782403 0.495394
0.651683 6.734882 0.007861
0.651683 7.014064 0.011812
0.651683 8.039112 0.002153
0.654230 2.530242 0.492282
0.654230 2.645653 0.489230
0.654230 3.750316 0.495177
0.654230 6.742699 0.008361
0.654230 7.031786 0.012541
0.654230 8.013093 0.002409
0.656776 2.528748 0.491754
0.656776 2.645829 0.488465
0.656776 3.717628 0.494979
0.656776 6.751329 0.008850
0.656776 7.049041 0.013267
0.656776 7.986162 0.002685
0.659322 2.527759 0.491211
0.659322 2.645718 0.487694
0.659322 3.684434 0.494801
0.659322 6.760798 0.009324
0.659322 7.065770 0.013989
0.659322 7.958365 0.002982
0.661868 2.527301 0.490650
0.661868 2.645320 0.486918
0.661868 3.650832 0.494647
0.661868 6.771128 0.009781
0.661868 7.081921 0.014703
0.661868 7.929754 0.003300
0.664414 2.527396 0.490072
0.664414 2.644639 0.486143
0.664414 3.616929 0.494521
0.664414 6.782339 0.010216
0.664414 7.097447 0.015407
0.664414 7.900385 0.003641
0.666960 2.528064 0.489475
0.666960 2.643685 0.485371
0.666960 3.582836 0.494425
0.666960 6.794446 0.010626
0.666960 7.112310 0.016100
0.666960 7.870317 0.004003
0.669507 2.529316 0.488857
0.669507 2.642469 0.484605
0.669507 3.548669 0.494364
0.669507 6.807461 0.011006
0.669507 7.126478 0.016779
0.669507 7.839614 0.004388
0.672053 2.531159 0.488218
0.672053 2.641012 0.483851
0.672053 3.514551 0.494341
0.672053 6.821395 0.011354
0.672053 7.139925 0.017441
0.672053 7.808341 0.004795
0.674599 2.533596 0.487556
0.674599 2.639333 0.483110
0.674599 3.480614 0.494359
0.674599 6.836252 0.011666
0.674599 7.152632 0.018085
0.674599 7.776569 0.005224
0.677145 2.536620 0.486870
0.677145 2.637460 0.482387
0.677145 3.446992 0.494423
0.677145 6.852036 0.011938
0.677145 7.164585 0.018708
0.677145 7.744369 0.005675
0.679691 2.540217 0.486158
0.679691 2.635422 0.481685
0.679691 3.413831 0.494534
0.679691 6.868746 0.012168
0.679691 7.175774 0.019308
0.679691 7.711814 0.006147
0.682237 2.544364 0.485421
0.682237 2.633253 0.481008
0.682237 3.381282 0.494697
0.682237 6.886378 0.012351
0.682237 7.186194 0.019882
0.682237 7.678979 0.006641
0.684784 2.549027 0.484657
0.684784 2.630988 0.480360
0.684784 3.349507 0.494914
0.684784 6.904927 0.012485
0.684784 7.195845 0.020428
0.684784 7.645940 0.007155
0.687330 2.554159 0.483868
0.687330 2.628666 0.479743
0.687330 3.318679 0.495187
0.687330 6.924383 0.012565
0.687330 7.204730 0.020945
0.687330 7.612771 0.007691
0.689876 2.559699 0.483055
0.689876 2.626326 0.479162
0.689876 3.288980 0.495516
0.689876 6.944734 0.012589
0.689876 7.212853 0.021429
0.689876 7.579551 0.008249
0.692422 2.565566 0.482220
0.692422 2.624011 0.478619
0.692422 3.260606 0.495901
0.692422 6.965963 0.012551
0.692422 7.220221 0.021880
0.692422 7.546354 0.008829
0.694968 2.571661 0.481369
0.694968 2.621761 0.478118
0.694968 3.233770 0.496337
0.694968 6.988050 0.012446
0.694968 7.226845 0.022294
0.694968 7.513258 0.009436
0.697514 2.577864 0.480511
0.697514 2.619616 0.477661
0.697514 3.208699 0.496819
0.697514 7.010970 0.012265
0.697514 7.232733 0.022670
0.697514 7.480341 0.010074
0.700060 2.584027 0.479658
0.700060 2.617617 0.477251
0.700060 3.185636 0.497336
0.700060 7.034688 0.011995
0.700060 7.237896 0.023006
0.700060 7.447685 0.010754
0.702607 2.589982 0.478827
0.702607 2.615800 0.476890
0.702607 3.164841 0.497872
0.702607 7.059159 0.011615
0.702607 7.242346 0.023301
0.702607 7.415377 0.011494
0.705153 2.595537 0.478041
0.705153 2.614200 0.476582
0.705153 3.146587 0.498406
0.705153 7.084315 0.011090
0.705153 7.246091 0.023552
0.705153 7.383525 0.012328
0.707699 2.600485 0.477329
0.707699 2.612847 0.476326
0.707699 3.131149 0.498910
0.707699 7.110042 0.010351
0.707699 7.249141 0.023760
0.707699 7.352274 0.013323
0.710245 2.604616 0.476724
0.710245 2.611766 0.476126
0.710245 3.118796 0.499353
0.710245 7.136114 0.009248
0.710245 7.251504 0.023923
0.710245 7.321877 0.014626
0.712791 2.607735 0.476260
0.712791 2.610979 0.475982
0.712791 3.109771 0.499700
0.712791 7.161961 0.007418
0.712791 7.253188 0.024040
0.712791 7.292926 0.016600
0.715337 2.609679 0.475967
0.715337 2.610500 0.475895
0.715337 3.104270 0.499923
0.715337 7.185579 0.003952
0.715337 7.254196 0.024110
0.715337 7.267439 0.020152
0.717884 2.610340 0.475866
0.717884 2.610340 0.475866
0.717884 3.102421 0.500000
0.717884 7.197863 0.000000
0.717884 7.254531 0.024134
0.717884 7.254531 0.024134
0.717884 2.610340 0.475866
0.717884 2.610340 0.475866
0.717884 3.102421 0.500000
0.717884 7.197863 0.000000
0.717884 7.254531 0.024134
0.717884 7.254531 0.024134
0.719684 2.597220 0.475477
0.719684 2.623273 0.476247
0.719684 3.101644 0.499966
0.719684 7.197276 0.000034
0.719684 7.238987 0.024523
0.719684 7.269791 0.023753
0.721484 2.583923 0.475080
0.721484 2.636011 0.476618
0.721484 3.099315 0.499865
0.721484 7.195518 0.000135
0.721484 7.223173 0.024920
0.721484 7.284752 0.023382
0.723285 2.570456 0.474674
0.723285 2.648548 0.476981
0.723285 3.095436 0.499696
0.723285 7.192597 0.000304
0.723285 7.207104 0.025326
0.723285 7.299403 0.023019
0.725085 2.556830 0.474259
0.725085 2.660877 0.477335
0.725085 3.090014 0.499460
0.725085 7.188523 0.000540
0.725085 7.190798 0.025741
0.725085 7.313731 0.022665
0.726886 2.543055 0.473837
0.726886 2.672991 0.477680
0.726886 3.083054 0.499157
0.726886 7.174272 0.026163
0.726886 7.183313 0.000843
0.726886 7.327728 0.022320
0.728686 2.529141 0.473407
0.728686 2.684884 0.478016
0.728686 3.074568 0.498788
0.728686 7.157546 0.026593
0.728686 7.176990 0.001212
0.728686 7.341382 0.021984
0.730487 2.515100 0.472970
0.730487 2.696551 0.478343
0.730487 3.064568 0.498352
0.730487 7.140639 0.027030
0.730487 7.169578 0.001648
0.730487 7.354688 0.021657
0.732287 2.500943 0.472525
0.732287 2.707987 0.478662
0.732287 3.053068 0.497851
0.732287 7.123572 0.027475
0.732287 7.161108 0.002149
0.732287 7.367637 0.021338
0.734087 2.486684 0.472074
0.734087 2.719186 0.478971
0.734087 3.040085 0.497285
0.734087 7.106368 0.027926
0.734087 7.151614 0.002715
0.734087 7.380223 0.021029
0.735888 2.472337 0.471616
0.735888 2.730146 0.479271
0.735888 3.025639 0.496654
0.735888 7.089049 0.028384
0.735888 7.141136 0.003346
0.735888 7.392442 0.020729
0.737688 2.457915 0.471152
0.737688 2.740861 0.479562
0.737688 3.009754 0.495961
0.737688 7.071639 0.028848
0.737688 7.129716 0.004039
0.737688 7.404290 0.020438
0.739488 2.443434 0.470683
0.739488 2.751328 0.479845
0.739488 2.992455 0.495207
0.739488 7.054162 0.029317
0.739488 7.117400 0.004793
0.739488 7.415763 0.020155
0.741289 2.428909 0.470209
0.741289 2.761544 0.480119
0.741289 2.973773 0.494391
0.741289 7.036645 0.029791
0.741289 7.104239 0.005609
0.741289 7.426859 0.019881
0.743089 2.414357 0.469730
0.743089 2.771505 0.480384
0.743089 2.953740 0.493518
0.743089 7.019113 0.030270
0.743089 7.090286 0.006482
0.743089 7.437578 0.019616
0.744890 2.399795 0.469248
0.744890 2.781210 0.480641
0.744890 2.932393 0.492587
0.744890 7.001593 0.030752
0.744890 7.075599 0.007413
0.744890 7.447919 0.019359
0.746690 2.385242 0.468762
0.746690 2.790654 0.480889
0.746690 2.909773 0.491601
0.746690 6.984114 0.031238
0.746690 7.060237 0.008399
0.746690 7.457882 0.019111
0.748490 2.370717 0.468275
0.748490 2.799837 0.481128
0.748490 2.885926 0.490563
0.748490 6.966702 0.031725
0.748490 7.044263 0.009437
0.748490 7.467469 0.018872
0.750291 2.356239 0.467785
0.750291 2.808755 0.481360
0.750291 2.860902 0.489476
0.750291 6.949387 0.032215
0.750291 7.027741 0.010524
0.750291 7.476682 0.018640
0.752091 2.341830 0.467294
0.752091 2.817408 0.481583
0.752091 2.834757 0.488341
0.752091 6.932197 0.032706
0.752091 7.010739 0.011659
0.752091 7.485523 0.018417
0.753892 2.327510 0.466804
0.753892 2.807551 0.487164
0.753892 2.825793 0.481797
0.753892 6.915163 0.033196
0.753892 6.993325 0.012836
0.753892 7.493996 0.018203
0.755692 2.313302 0.466314
0.755692 2.779350 0.485946
0.755692 2.833909 0.482004
0.755692 6.898313 0.033686
0.755692 6.975571 0.014054
0.755692 7.502104 0.017996
0.757493 2.299228 0.465826
0.757493 2.750228 0.484692
0.757493 2.841755 0.482203
0.757493 6.881678 0.034174
0.757493 6.957547 0.015308
0.757493 7.509852 0.017797
0.759293 2.285314 0.465341
0.759293 2.720263 0.483407
0.759293 2.849330 0.482394
0.759293 6.865287 0.034659
0.759293 6.939326 0.016593
0.759293 7.517246 0.017606
0.761093 2.271582 0.464859
0.761093 2.689541 0.482095
0.761093 2.856632 0.482577
0.761093 6.849171 0.035141
0.761093 6.920982 0.017905
0.761093 7.524289 0.017423
0.762894 2.258058 0.464382
0.762894 2.658154 0.480761
0.762894 2.863661 0.482752
0.762894 6.833360 0.035618
0.762894 6.902587 0.019239
0.762894 7.530989 0.017248
0.764694 2.244767 0.463912
0.764694 2.626203 0.479410
0.764694 2.870416 0.482919
0.764694 6.817884 0.036088
0.764694 6.884216 0.020590
0.764694 7.537351 0.017081
0.766494 2.231737 0.463448
0.766494 2.593794 0.478047
0.766494 2.876896 0.483079
0.766494 6.802771 0.036552
0.766494 6.865940 0.021953
0.766494 7.543382 0.016921
0.768295 2.218992 0.462992
0.768295 2.561044 0.476678
0.768295 2.883101 0.483232
0.768295 6.788052 0.037008
0.768295 6.847834 0.023322
0.768295 7.549088 0.016768
0.770095 2.206560 0.462546
0.770095 2.528075 0.475310
0.770095 2.889031 0.483377
0.770095 6.773755 0.037454
0.770095 6.829967 0.024690
0.770095 7.554476 0.016623
0.771896 2.194469 0.462110
0.771896 2.495018 0.473948
0.771896 2.894686 0.483515
0.771896 6.759909 0.037890
0.771896 6.812410 0.026052
0.771896 7.559554 0.016485
0.773696 2.182745 0.461685
0.773696 2.462013 0.472598
0.773696 2.900064 0.483646
0.773696 6.746541 0.038315
0.773696 6.795231 0.027402
0.773696 7.564327 0.016354
0.775497 2.171416 0.461274
0.775497 2.429206 0.471267
0.775497 2.905166 0.483769
0.775497 6.733679 0.038726
0.775497 6.778498 0.028733
0.775497 7.568804 0.016231
0.777297 2.160509 0.460876
0.777297 2.396751 0.469962
0.777297 2.909992 0.483885
0.777297 6.721348 0.039124
0.777297 6.762275 0.030038
0.777297 7.572991 0.016115
0.779097 2.150052 0.460494
0.779097 2.364810 0.468688
0.779097 2.914542 0.483995
0.779097 6.709574 0.039506
0.779097 6.746624 0.031312
0.779097 7.576895 0.016005
0.780898 2.140070 0.460128
0.780898 2.333550 0.467452
0.780898 2.918815 0.484097
0.780898 6.698382 0.039872
0.780898 6.731604 0.032548
0.780898 7.580522 0.015903
0.782698 2.130590 0.459779
0.782698 2.303143 0.466262
0.782698 2.922812 0.484193
0.782698 6.687795 0.040221
0.782698 6.717274 0.033738
0.782698 7.583881 0.015807
0.784499 2.121637 0.459450
0.784499 2.273767 0.465122
0.784499 2.926532 0.484281
0.784499 6.677835 0.040550
0.784499 6.703688 0.034878
0.784499 7.586977 0.015719
0.786299 2.113237 0.459139
0.786299 2.245602 0.464039
0.786299 2.929977 0.484363
0.786299 6.668524 0.040861
0.786299 6.690895 0.035961
0.786299 7.589816 0.015637
0.788099 2.105412 0.458850
0.788099 2.218829 0.463019
0.788099 2.933145 0.484438
0.788099 6.659882 0.041150
0.788099 6.678946 0.036981
0.788099 7.592405 0.015562
0.789900 2.098185 0.458582
0.789900 2.193630 0.462067
0.789900 2.936037 0.484507
0.789900 6.651926 0.041418
0.789900 6.667882 0.037933
0.789900 7.594748 0.015493
0.791700 2.091578 0.458336
0.791700 2.170181 0.461189
0.791700 2.938654 0.484568
0.791700 6.644675 0.041664
0.791700 6.657747 0.038811
0.791700 7.596852 0.015432
0.793501 2.085610 0.458114
0.793501 2.148656 0.460389
0.793501 2.940994 0.484624
0.793501 6.638144 0.041886
0.793501 6.648576 0.039611
0.793501 7.598720 0.015376
0.795301 2.080299 0.457917
0.795301 2.129221 0.459673
0.795301 2.943059 0.484672
0.795301 6.632347 0.042083
0.795301 6.640405 0.040327
0.795301 7.600358 0.015328
0.797101 2.075662 0.457744
0.797101 2.112029 0.459043
0.797101 2.944848 0.484714
0.797101 6.627297 0.042256
0.797101 6.633262 0.040957
0.797101 7.601769 0.015286
0.798902 2.071713 0.457596
0.798902 2.097223 0.458504
0.798902 2.946362 0.484750
0.798902 6.623004 0.042404
0.798902 6.627173 0.041496
0.798902 7.602958 0.015250
0.800702 2.068465 0.457475
0.800702 2.084927 0.458059
0.800702 2.947601 0.484779
0.800702 6.619479 0.042525
0.800702 6.622161 0.041941
0.800702 7.603926 0.015221
0.802503 2.065927 0.457380
0.802503 2.075247 0.457710
0.802503 2.948564 0.484802
0.802503 6.616730 0.042620
0.802503 6.618244 0.042290
0.802503 7.604676 0.015198
0.804303 2.064109 0.457312
0.804303 2.068271 0.457459
0.804303 2.949252 0.484818
0.804303 6.614761 0.042688
0.804303 6.615437 0.042541
0.804303 7.605210 0.015182
0.806103 2.063016 0.457271
0.806103 2.064059 0.457308
0.806103 2.949664 0.484827
0.806103 6.613579 0.042729
0.806103 6.613748 0.042692
0.806103 7.605531 0.015173
0.807904 2.062651 0.457258
0.807904 2.062651 0.457258
0.807904 2.949802 0.484831
0.807904 6.613184 0.042742
0.807904 6.613184 0.042742
0.807904 7.605637 0.015169
